1 0.503646 0.246250 0.080208 0.110833
1 0.499219 0.785417 0.076563 0.119167
1 0.653385 0.521667 0.072396 0.108333
1 0.615365 0.715000 0.024479 0.036667
1 0.642708 0.708333 0.028125 0.038333
1 0.674219 0.716667 0.028646 0.045000
1 0.722917 0.758333 0.020833 0.035000
1 0.676042 0.773333 0.027083 0.045000
1 0.629167 0.755000 0.027083 0.041667
1 0.599740 0.747500 0.018229 0.028333
1 0.614844 0.845417 0.023438 0.032500
1 0.644792 0.820417 0.019792 0.030833
1 0.715365 0.807083 0.027604 0.037500
1 0.597917 0.803750 0.021875 0.044167
1 0.650521 0.883333 0.026042 0.038333
1 0.723958 0.872917 0.032292 0.059167
