1 0.245000 0.690885 0.146667 0.089063
1 0.306667 0.319792 0.153333 0.096875
1 0.812917 0.696354 0.112500 0.079167
1 0.272500 0.507031 0.081667 0.047396
1 0.561667 0.306250 0.083333 0.052083
0 0.821250 0.349479 0.029167 0.017708
0 0.837083 0.326302 0.022500 0.019271
0 0.761250 0.314583 0.027500 0.014583
0 0.727917 0.351302 0.024167 0.017188
0 0.754167 0.389844 0.023333 0.017188
0 0.777500 0.357812 0.021667 0.013542
0 0.798333 0.292708 0.036667 0.019792
0 0.826250 0.368490 0.027500 0.016146
0 0.839583 0.384896 0.020833 0.013542
0 0.746667 0.404427 0.031667 0.018229
0 0.856667 0.357552 0.026667 0.018229
0 0.885833 0.363021 0.020000 0.013542
0 0.841667 0.300521 0.023333 0.014583
0 0.714583 0.383594 0.029167 0.024479
0 0.889167 0.325521 0.020000 0.017708
