1 0.154167 0.491667 0.125000 0.083333
1 0.457083 0.324740 0.174167 0.099479
1 0.548750 0.437760 0.037500 0.022396
1 0.550833 0.466146 0.040000 0.025000
1 0.547083 0.497396 0.037500 0.023958
1 0.544583 0.529427 0.042500 0.027604
1 0.502500 0.440104 0.040000 0.026042
1 0.505833 0.499219 0.040000 0.026562
1 0.494583 0.517708 0.040833 0.030208
1 0.528333 0.556771 0.031667 0.019792
1 0.471250 0.549740 0.042500 0.026562
1 0.458333 0.440365 0.035000 0.023438
1 0.452083 0.466146 0.030833 0.020833
1 0.452917 0.484635 0.025833 0.014063
1 0.459583 0.502865 0.027500 0.017188
1 0.417917 0.551302 0.037500 0.028646
1 0.385000 0.551302 0.030000 0.019271
1 0.368333 0.455469 0.036667 0.024479
1 0.365417 0.486458 0.035833 0.027083
1 0.398333 0.520052 0.031667 0.021354
1 0.412917 0.489844 0.039167 0.027604
