1 0.491667 0.845833 0.083333 0.125000
1 0.324740 0.542917 0.099479 0.174167
1 0.437760 0.451250 0.022396 0.037500
1 0.466146 0.449167 0.025000 0.040000
1 0.497396 0.452917 0.023958 0.037500
1 0.529427 0.455417 0.027604 0.042500
1 0.440104 0.497500 0.026042 0.040000
1 0.499219 0.494167 0.026562 0.040000
1 0.517708 0.505417 0.030208 0.040833
1 0.556771 0.471667 0.019792 0.031667
1 0.549740 0.528750 0.026562 0.042500
1 0.440365 0.541667 0.023438 0.035000
1 0.466146 0.547917 0.020833 0.030833
1 0.484635 0.547083 0.014063 0.025833
1 0.502865 0.540417 0.017188 0.027500
1 0.551302 0.582083 0.028646 0.037500
1 0.551302 0.615000 0.019271 0.030000
1 0.455469 0.631667 0.024479 0.036667
1 0.486458 0.634583 0.027083 0.035833
1 0.520052 0.601667 0.021354 0.031667
1 0.489844 0.587083 0.027604 0.039167
