1 0.344271 0.542917 0.104167 0.147500
1 0.499219 0.547500 0.054688 0.100000
1 0.669792 0.515000 0.062500 0.095000
1 0.515365 0.244167 0.110937 0.156667
1 0.342969 0.272500 0.092188 0.145000
1 0.690365 0.250417 0.095312 0.135833
1 0.506771 0.806667 0.123958 0.220000
1 0.310156 0.804167 0.055729 0.076667
0 0.507031 0.624583 0.040104 0.059167
0 0.662500 0.349167 0.062500 0.081667
0 0.613021 0.345417 0.052083 0.074167
0 0.605990 0.464583 0.045312 0.079167
0 0.671875 0.577917 0.045833 0.075833
0 0.489844 0.332500 0.083854 0.115000
0 0.441667 0.191250 0.040625 0.077500
0 0.279948 0.451667 0.058854 0.081667
0 0.290625 0.333750 0.080208 0.110833
0 0.598437 0.296250 0.033333 0.087500
