1 0.542917 0.655729 0.147500 0.104167
1 0.547500 0.500781 0.100000 0.054688
1 0.515000 0.330208 0.095000 0.062500
1 0.244167 0.484635 0.156667 0.110937
1 0.272500 0.657031 0.145000 0.092188
1 0.250417 0.309635 0.135833 0.095312
1 0.806667 0.493229 0.220000 0.123958
1 0.804167 0.689844 0.076667 0.055729
0 0.624583 0.492969 0.059167 0.040104
0 0.349167 0.337500 0.081667 0.062500
0 0.345417 0.386979 0.074167 0.052083
0 0.464583 0.394010 0.079167 0.045312
0 0.577917 0.328125 0.075833 0.045833
0 0.332500 0.510156 0.115000 0.083854
0 0.191250 0.558333 0.077500 0.040625
0 0.451667 0.720052 0.081667 0.058854
0 0.333750 0.709375 0.110833 0.080208
0 0.296250 0.401563 0.087500 0.033333
