1 0.655729 0.457083 0.104167 0.147500
1 0.500781 0.452500 0.054688 0.100000
1 0.330208 0.485000 0.062500 0.095000
1 0.484635 0.755833 0.110937 0.156667
1 0.657031 0.727500 0.092188 0.145000
1 0.309635 0.749583 0.095312 0.135833
1 0.493229 0.193333 0.123958 0.220000
1 0.689844 0.195833 0.055729 0.076667
0 0.492969 0.375417 0.040104 0.059167
0 0.337500 0.650833 0.062500 0.081667
0 0.386979 0.654583 0.052083 0.074167
0 0.394010 0.535417 0.045312 0.079167
0 0.328125 0.422083 0.045833 0.075833
0 0.510156 0.667500 0.083854 0.115000
0 0.558333 0.808750 0.040625 0.077500
0 0.720052 0.548333 0.058854 0.081667
0 0.709375 0.666250 0.080208 0.110833
0 0.401563 0.703750 0.033333 0.087500
