1 0.159167 0.337760 0.065000 0.041146
1 0.411667 0.684115 0.070000 0.048438
0 0.165417 0.306510 0.045833 0.025521
0 0.107083 0.289062 0.062500 0.038542
0 0.071250 0.335677 0.052500 0.034896
1 0.342917 0.358854 0.034167 0.027083
1 0.231667 0.677344 0.031667 0.019271
1 0.172917 0.624219 0.032500 0.020313
1 0.107917 0.626042 0.034167 0.018750
1 0.239167 0.638281 0.025000 0.018229
1 0.239583 0.657292 0.030833 0.021875
1 0.180417 0.602865 0.027500 0.020313
1 0.103333 0.723698 0.030000 0.024479
1 0.222917 0.722396 0.025833 0.018750
1 0.245000 0.692969 0.025000 0.017188
1 0.201667 0.624219 0.030000 0.018229
1 0.055833 0.696615 0.033333 0.022396
0 0.092500 0.700260 0.036667 0.019271
0 0.067917 0.717187 0.030833 0.018750
