1 0.840833 0.662240 0.065000 0.041146
1 0.588333 0.315885 0.070000 0.048438
0 0.834583 0.693490 0.045833 0.025521
0 0.892917 0.710938 0.062500 0.038542
0 0.928750 0.664323 0.052500 0.034896
1 0.657083 0.641146 0.034167 0.027083
1 0.768333 0.322656 0.031667 0.019271
1 0.827083 0.375781 0.032500 0.020313
1 0.892083 0.373958 0.034167 0.018750
1 0.760833 0.361719 0.025000 0.018229
1 0.760417 0.342708 0.030833 0.021875
1 0.819583 0.397135 0.027500 0.020313
1 0.896667 0.276302 0.030000 0.024479
1 0.777083 0.277604 0.025833 0.018750
1 0.755000 0.307031 0.025000 0.017188
1 0.798333 0.375781 0.030000 0.018229
1 0.944167 0.303385 0.033333 0.022396
0 0.907500 0.299740 0.036667 0.019271
0 0.932083 0.282813 0.030833 0.018750
