1 0.318490 0.505417 0.035937 0.055833
1 0.354167 0.530000 0.041667 0.043333
1 0.271094 0.496667 0.038021 0.043333
0 0.430469 0.712500 0.018229 0.028333
0 0.490625 0.732500 0.019792 0.030000
0 0.547396 0.715000 0.018750 0.035000
0 0.513021 0.723750 0.016667 0.027500
0 0.470313 0.735417 0.013542 0.017500
0 0.498437 0.783333 0.016667 0.033333
0 0.463281 0.800417 0.015104 0.024167
0 0.445573 0.815417 0.018229 0.025833
0 0.480990 0.767500 0.010937 0.018333
0 0.514583 0.837917 0.014583 0.024167
0 0.485156 0.814167 0.010937 0.020000
0 0.471354 0.830833 0.013542 0.021667
0 0.428906 0.834583 0.014063 0.020833
0 0.445573 0.840000 0.013021 0.020000
0 0.458073 0.848750 0.014063 0.022500
0 0.464062 0.864583 0.016667 0.030833
0 0.560417 0.889167 0.019792 0.033333
0 0.442708 0.873333 0.018750 0.028333
0 0.439323 0.894167 0.015104 0.023333
0 0.476302 0.911667 0.016146 0.025000
0 0.517969 0.870000 0.015104 0.026667
0 0.550781 0.848750 0.009896 0.024167
