1 0.505417 0.681510 0.055833 0.035937
1 0.530000 0.645833 0.043333 0.041667
1 0.496667 0.728906 0.043333 0.038021
0 0.712500 0.569531 0.028333 0.018229
0 0.732500 0.509375 0.030000 0.019792
0 0.715000 0.452604 0.035000 0.018750
0 0.723750 0.486979 0.027500 0.016667
0 0.735417 0.529687 0.017500 0.013542
0 0.783333 0.501563 0.033333 0.016667
0 0.800417 0.536719 0.024167 0.015104
0 0.815417 0.554427 0.025833 0.018229
0 0.767500 0.519010 0.018333 0.010937
0 0.837917 0.485417 0.024167 0.014583
0 0.814167 0.514844 0.020000 0.010937
0 0.830833 0.528646 0.021667 0.013542
0 0.834583 0.571094 0.020833 0.014063
0 0.840000 0.554427 0.020000 0.013021
0 0.848750 0.541927 0.022500 0.014063
0 0.864583 0.535938 0.030833 0.016667
0 0.889167 0.439583 0.033333 0.019792
0 0.873333 0.557292 0.028333 0.018750
0 0.894167 0.560677 0.023333 0.015104
0 0.911667 0.523698 0.025000 0.016146
0 0.870000 0.482031 0.026667 0.015104
0 0.848750 0.449219 0.024167 0.009896
