1 0.681510 0.494583 0.035937 0.055833
1 0.645833 0.470000 0.041667 0.043333
1 0.728906 0.503333 0.038021 0.043333
0 0.569531 0.287500 0.018229 0.028333
0 0.509375 0.267500 0.019792 0.030000
0 0.452604 0.285000 0.018750 0.035000
0 0.486979 0.276250 0.016667 0.027500
0 0.529687 0.264583 0.013542 0.017500
0 0.501563 0.216667 0.016667 0.033333
0 0.536719 0.199583 0.015104 0.024167
0 0.554427 0.184583 0.018229 0.025833
0 0.519010 0.232500 0.010937 0.018333
0 0.485417 0.162083 0.014583 0.024167
0 0.514844 0.185833 0.010937 0.020000
0 0.528646 0.169167 0.013542 0.021667
0 0.571094 0.165417 0.014063 0.020833
0 0.554427 0.160000 0.013021 0.020000
0 0.541927 0.151250 0.014063 0.022500
0 0.535938 0.135417 0.016667 0.030833
0 0.439583 0.110833 0.019792 0.033333
0 0.557292 0.126667 0.018750 0.028333
0 0.560677 0.105833 0.015104 0.023333
0 0.523698 0.088333 0.016146 0.025000
0 0.482031 0.130000 0.015104 0.026667
0 0.449219 0.151250 0.009896 0.024167
