1 0.494583 0.318490 0.055833 0.035937
1 0.470000 0.354167 0.043333 0.041667
1 0.503333 0.271094 0.043333 0.038021
0 0.287500 0.430469 0.028333 0.018229
0 0.267500 0.490625 0.030000 0.019792
0 0.285000 0.547396 0.035000 0.018750
0 0.276250 0.513021 0.027500 0.016667
0 0.264583 0.470313 0.017500 0.013542
0 0.216667 0.498437 0.033333 0.016667
0 0.199583 0.463281 0.024167 0.015104
0 0.184583 0.445573 0.025833 0.018229
0 0.232500 0.480990 0.018333 0.010937
0 0.162083 0.514583 0.024167 0.014583
0 0.185833 0.485156 0.020000 0.010937
0 0.169167 0.471354 0.021667 0.013542
0 0.165417 0.428906 0.020833 0.014063
0 0.160000 0.445573 0.020000 0.013021
0 0.151250 0.458073 0.022500 0.014063
0 0.135417 0.464062 0.030833 0.016667
0 0.110833 0.560417 0.033333 0.019792
0 0.126667 0.442708 0.028333 0.018750
0 0.105833 0.439323 0.023333 0.015104
0 0.088333 0.476302 0.025000 0.016146
0 0.130000 0.517969 0.026667 0.015104
0 0.151250 0.550781 0.024167 0.009896
