1 0.769583 0.332813 0.109167 0.068750
1 0.778750 0.489323 0.189167 0.094271
1 0.735833 0.667188 0.105000 0.062500
1 0.500417 0.658594 0.127500 0.091146
1 0.483750 0.504167 0.135833 0.083333
1 0.221250 0.494010 0.112500 0.074479
1 0.211667 0.332292 0.160000 0.112500
0 0.748333 0.267448 0.058333 0.034896
0 0.847083 0.298958 0.052500 0.031250
0 0.861667 0.317188 0.031667 0.027083
0 0.840417 0.345573 0.055833 0.032813
0 0.717083 0.367708 0.047500 0.031250
0 0.669167 0.268490 0.040000 0.026562
0 0.657917 0.391146 0.034167 0.021875
0 0.652917 0.355990 0.029167 0.022396
0 0.563333 0.297135 0.068333 0.033854
1 0.469167 0.318490 0.081667 0.053646
0 0.416667 0.360156 0.045000 0.034896
0 0.491667 0.387760 0.031667 0.025521
0 0.540833 0.378906 0.031667 0.022396
0 0.679167 0.455990 0.055000 0.033854
0 0.412083 0.444792 0.062500 0.047917
0 0.800417 0.609635 0.060833 0.039062
0 0.664583 0.507292 0.067500 0.044792
0 0.861667 0.651563 0.036667 0.038542
0 0.667083 0.717708 0.077500 0.045833
