1 0.286667 0.347656 0.111667 0.107813
1 0.753750 0.482292 0.080833 0.053125
1 0.506667 0.498437 0.033333 0.019792
1 0.508333 0.523958 0.030000 0.020833
1 0.764583 0.340885 0.142500 0.075521
0 0.466250 0.486458 0.037500 0.023958
0 0.542917 0.546094 0.034167 0.022396
0 0.449167 0.456250 0.023333 0.015625
0 0.586667 0.513281 0.020000 0.013021
0 0.407917 0.483333 0.019167 0.013542
0 0.469167 0.507031 0.025000 0.017188
0 0.463750 0.522135 0.019167 0.011979
0 0.490417 0.560156 0.022500 0.014063
0 0.563333 0.466927 0.015000 0.010937
0 0.773750 0.529427 0.100833 0.056771
0 0.417083 0.559115 0.022500 0.016146
0 0.411250 0.539062 0.024167 0.017708
0 0.453333 0.441406 0.030000 0.015104
0 0.425000 0.471354 0.026667 0.019792
