1 0.197083 0.508073 0.060833 0.043229
1 0.242083 0.644792 0.069167 0.050000
1 0.224583 0.679688 0.057500 0.038542
1 0.735000 0.652865 0.115000 0.076563
1 0.746250 0.491667 0.124167 0.073958
1 0.228333 0.319010 0.101667 0.055729
0 0.274583 0.484375 0.052500 0.037500
0 0.252083 0.519271 0.050833 0.041667
0 0.165000 0.551562 0.080000 0.043750
0 0.250833 0.435417 0.051667 0.028125
0 0.185417 0.434635 0.087500 0.047396
0 0.756667 0.322135 0.125000 0.088021
1 0.412500 0.493750 0.041667 0.027083
0 0.314167 0.499479 0.038333 0.029167
0 0.304583 0.434896 0.045833 0.028125
