1 0.802917 0.491927 0.060833 0.043229
1 0.757917 0.355208 0.069167 0.050000
1 0.775417 0.320312 0.057500 0.038542
1 0.265000 0.347135 0.115000 0.076563
1 0.253750 0.508333 0.124167 0.073958
1 0.771667 0.680990 0.101667 0.055729
0 0.725417 0.515625 0.052500 0.037500
0 0.747917 0.480729 0.050833 0.041667
0 0.835000 0.448438 0.080000 0.043750
0 0.749167 0.564583 0.051667 0.028125
0 0.814583 0.565365 0.087500 0.047396
0 0.243333 0.677865 0.125000 0.088021
1 0.587500 0.506250 0.041667 0.027083
0 0.685833 0.500521 0.038333 0.029167
0 0.695417 0.565104 0.045833 0.028125
