1 0.491927 0.197083 0.043229 0.060833
1 0.355208 0.242083 0.050000 0.069167
1 0.320312 0.224583 0.038542 0.057500
1 0.347135 0.735000 0.076563 0.115000
1 0.508333 0.746250 0.073958 0.124167
1 0.680990 0.228333 0.055729 0.101667
0 0.515625 0.274583 0.037500 0.052500
0 0.480729 0.252083 0.041667 0.050833
0 0.448438 0.165000 0.043750 0.080000
0 0.564583 0.250833 0.028125 0.051667
0 0.565365 0.185417 0.047396 0.087500
0 0.677865 0.756667 0.088021 0.125000
1 0.506250 0.412500 0.027083 0.041667
0 0.500521 0.314167 0.029167 0.038333
0 0.565104 0.304583 0.028125 0.045833
