1 0.511250 0.324740 0.175833 0.135937
1 0.776250 0.329688 0.150833 0.100000
1 0.234583 0.485938 0.069167 0.052083
1 0.529583 0.637240 0.052500 0.035937
1 0.252083 0.330990 0.044167 0.032813
0 0.255833 0.290365 0.043333 0.024479
0 0.332917 0.392188 0.042500 0.026042
0 0.328333 0.279687 0.035000 0.025000
0 0.326667 0.296354 0.043333 0.019792
0 0.292500 0.323177 0.031667 0.021354
0 0.216667 0.329427 0.038333 0.031771
0 0.263750 0.358073 0.032500 0.018229
0 0.183750 0.323177 0.050833 0.031771
0 0.188750 0.373177 0.049167 0.029687
0 0.175417 0.278646 0.049167 0.026042
0 0.231667 0.369010 0.043333 0.027604
0 0.152500 0.372396 0.026667 0.020833
0 0.567917 0.668750 0.049167 0.030208
0 0.593750 0.683594 0.032500 0.026562
0 0.555833 0.608073 0.035000 0.026562
0 0.457500 0.604167 0.026667 0.017708
1 0.244167 0.697917 0.053333 0.035417
1 0.309583 0.699479 0.054167 0.030208
1 0.310833 0.669531 0.040000 0.022396
