1 0.324740 0.488750 0.135937 0.175833
1 0.329688 0.223750 0.100000 0.150833
1 0.485938 0.765417 0.052083 0.069167
1 0.637240 0.470417 0.035937 0.052500
1 0.330990 0.747917 0.032813 0.044167
0 0.290365 0.744167 0.024479 0.043333
0 0.392188 0.667083 0.026042 0.042500
0 0.279687 0.671667 0.025000 0.035000
0 0.296354 0.673333 0.019792 0.043333
0 0.323177 0.707500 0.021354 0.031667
0 0.329427 0.783333 0.031771 0.038333
0 0.358073 0.736250 0.018229 0.032500
0 0.323177 0.816250 0.031771 0.050833
0 0.373177 0.811250 0.029687 0.049167
0 0.278646 0.824583 0.026042 0.049167
0 0.369010 0.768333 0.027604 0.043333
0 0.372396 0.847500 0.020833 0.026667
0 0.668750 0.432083 0.030208 0.049167
0 0.683594 0.406250 0.026562 0.032500
0 0.608073 0.444167 0.026562 0.035000
0 0.604167 0.542500 0.017708 0.026667
1 0.697917 0.755833 0.035417 0.053333
1 0.699479 0.690417 0.030208 0.054167
1 0.669531 0.689167 0.022396 0.040000
