1 0.675260 0.511250 0.135937 0.175833
1 0.670312 0.776250 0.100000 0.150833
1 0.514062 0.234583 0.052083 0.069167
1 0.362760 0.529583 0.035937 0.052500
1 0.669010 0.252083 0.032813 0.044167
0 0.709635 0.255833 0.024479 0.043333
0 0.607812 0.332917 0.026042 0.042500
0 0.720313 0.328333 0.025000 0.035000
0 0.703646 0.326667 0.019792 0.043333
0 0.676823 0.292500 0.021354 0.031667
0 0.670573 0.216667 0.031771 0.038333
0 0.641927 0.263750 0.018229 0.032500
0 0.676823 0.183750 0.031771 0.050833
0 0.626823 0.188750 0.029687 0.049167
0 0.721354 0.175417 0.026042 0.049167
0 0.630990 0.231667 0.027604 0.043333
0 0.627604 0.152500 0.020833 0.026667
0 0.331250 0.567917 0.030208 0.049167
0 0.316406 0.593750 0.026562 0.032500
0 0.391927 0.555833 0.026562 0.035000
0 0.395833 0.457500 0.017708 0.026667
1 0.302083 0.244167 0.035417 0.053333
1 0.300521 0.309583 0.030208 0.054167
1 0.330469 0.310833 0.022396 0.040000
