1 0.529687 0.544583 0.062500 0.084167
1 0.677083 0.240833 0.073958 0.115000
1 0.647135 0.353750 0.067187 0.099167
1 0.507031 0.289583 0.142187 0.220833
1 0.317187 0.278333 0.026042 0.031667
1 0.310937 0.097917 0.020833 0.032500
1 0.300260 0.550000 0.015104 0.018333
0 0.356771 0.246667 0.020833 0.028333
0 0.277604 0.222083 0.019792 0.027500
0 0.394010 0.310000 0.020313 0.023333
0 0.364844 0.207083 0.020313 0.025833
0 0.384635 0.187917 0.021354 0.032500
0 0.348177 0.286250 0.019271 0.024167
0 0.275260 0.187500 0.024479 0.033333
0 0.369010 0.104167 0.024479 0.036667
0 0.396615 0.105833 0.021354 0.028333
