1 0.544583 0.470313 0.084167 0.062500
1 0.240833 0.322917 0.115000 0.073958
1 0.353750 0.352865 0.099167 0.067187
1 0.289583 0.492969 0.220833 0.142187
1 0.278333 0.682813 0.031667 0.026042
1 0.097917 0.689063 0.032500 0.020833
1 0.550000 0.699740 0.018333 0.015104
0 0.246667 0.643229 0.028333 0.020833
0 0.222083 0.722396 0.027500 0.019792
0 0.310000 0.605990 0.023333 0.020313
0 0.207083 0.635156 0.025833 0.020313
0 0.187917 0.615365 0.032500 0.021354
0 0.286250 0.651823 0.024167 0.019271
0 0.187500 0.724740 0.033333 0.024479
0 0.104167 0.630990 0.036667 0.024479
0 0.105833 0.603385 0.028333 0.021354
