1 0.455417 0.529687 0.084167 0.062500
1 0.759167 0.677083 0.115000 0.073958
1 0.646250 0.647135 0.099167 0.067187
1 0.710417 0.507031 0.220833 0.142187
1 0.721667 0.317187 0.031667 0.026042
1 0.902083 0.310937 0.032500 0.020833
1 0.450000 0.300260 0.018333 0.015104
0 0.753333 0.356771 0.028333 0.020833
0 0.777917 0.277604 0.027500 0.019792
0 0.690000 0.394010 0.023333 0.020313
0 0.792917 0.364844 0.025833 0.020313
0 0.812083 0.384635 0.032500 0.021354
0 0.713750 0.348177 0.024167 0.019271
0 0.812500 0.275260 0.033333 0.024479
0 0.895833 0.369010 0.036667 0.024479
0 0.894167 0.396615 0.028333 0.021354
