1 0.470000 0.499479 0.133333 0.097917
0 0.728333 0.684896 0.063333 0.036458
0 0.692500 0.556510 0.023333 0.016146
0 0.672500 0.526823 0.030000 0.018229
0 0.701250 0.532813 0.024167 0.020833
0 0.723750 0.504167 0.029167 0.016667
0 0.740000 0.486719 0.033333 0.019271
0 0.735000 0.456510 0.026667 0.015104
0 0.815000 0.493229 0.033333 0.017708
0 0.826667 0.480469 0.030000 0.019271
0 0.795417 0.514062 0.029167 0.021875
0 0.803333 0.538542 0.028333 0.016667
0 0.857500 0.563542 0.026667 0.017708
0 0.830833 0.533333 0.023333 0.016667
0 0.776250 0.572917 0.025833 0.016667
0 0.770417 0.545052 0.024167 0.017188
0 0.771667 0.532031 0.028333 0.018229
0 0.790417 0.478906 0.025833 0.018229
0 0.882500 0.515104 0.028333 0.017708
0 0.811250 0.570573 0.025833 0.018229
0 0.728750 0.575000 0.022500 0.013542
0 0.856667 0.532292 0.021667 0.012500
