1 0.500521 0.470000 0.097917 0.133333
0 0.315104 0.728333 0.036458 0.063333
0 0.443490 0.692500 0.016146 0.023333
0 0.473177 0.672500 0.018229 0.030000
0 0.467187 0.701250 0.020833 0.024167
0 0.495833 0.723750 0.016667 0.029167
0 0.513281 0.740000 0.019271 0.033333
0 0.543490 0.735000 0.015104 0.026667
0 0.506771 0.815000 0.017708 0.033333
0 0.519531 0.826667 0.019271 0.030000
0 0.485938 0.795417 0.021875 0.029167
0 0.461458 0.803333 0.016667 0.028333
0 0.436458 0.857500 0.017708 0.026667
0 0.466667 0.830833 0.016667 0.023333
0 0.427083 0.776250 0.016667 0.025833
0 0.454948 0.770417 0.017188 0.024167
0 0.467969 0.771667 0.018229 0.028333
0 0.521094 0.790417 0.018229 0.025833
0 0.484896 0.882500 0.017708 0.028333
0 0.429427 0.811250 0.018229 0.025833
0 0.425000 0.728750 0.013542 0.022500
0 0.467708 0.856667 0.012500 0.021667
