1 0.512917 0.659115 0.057500 0.046354
1 0.807917 0.660417 0.022500 0.020833
0 0.443333 0.326823 0.056667 0.036979
0 0.518750 0.319531 0.049167 0.031771
0 0.401250 0.341146 0.047500 0.035417
0 0.526667 0.373177 0.091667 0.049479
0 0.796250 0.636198 0.027500 0.019271
0 0.727083 0.690625 0.025833 0.016667
0 0.728333 0.703125 0.028333 0.018750
0 0.866667 0.648177 0.016667 0.010937
0 0.817500 0.691406 0.026667 0.014063
0 0.665000 0.722656 0.041667 0.021354
0 0.691250 0.600260 0.017500 0.015104
0 0.716250 0.604688 0.017500 0.010417
0 0.789583 0.593750 0.019167 0.012500
0 0.767083 0.603906 0.015833 0.014063
0 0.765000 0.615104 0.020000 0.009375
0 0.835833 0.666146 0.023333 0.016667
