1 0.659115 0.487083 0.046354 0.057500
1 0.660417 0.192083 0.020833 0.022500
0 0.326823 0.556667 0.036979 0.056667
0 0.319531 0.481250 0.031771 0.049167
0 0.341146 0.598750 0.035417 0.047500
0 0.373177 0.473333 0.049479 0.091667
0 0.636198 0.203750 0.019271 0.027500
0 0.690625 0.272917 0.016667 0.025833
0 0.703125 0.271667 0.018750 0.028333
0 0.648177 0.133333 0.010937 0.016667
0 0.691406 0.182500 0.014063 0.026667
0 0.722656 0.335000 0.021354 0.041667
0 0.600260 0.308750 0.015104 0.017500
0 0.604688 0.283750 0.010417 0.017500
0 0.593750 0.210417 0.012500 0.019167
0 0.603906 0.232917 0.014063 0.015833
0 0.615104 0.235000 0.009375 0.020000
0 0.666146 0.164167 0.016667 0.023333
