0 0.181885 0.697266 0.028809 0.041667
0 0.086182 0.982747 0.020020 0.027995
0 0.107178 0.959635 0.017090 0.019531
0 0.140869 0.985026 0.025879 0.028646
0 0.181885 0.652669 0.023926 0.029297
0 0.190674 0.593750 0.017090 0.031250
0 0.198975 0.568700 0.019043 0.030599
0 0.169922 0.886719 0.020508 0.031250
0 0.229248 0.751628 0.020020 0.034505
0 0.244141 0.741211 0.022461 0.031901
0 0.202393 0.665365 0.019043 0.024740
0 0.232666 0.619141 0.026855 0.041667
0 0.248047 0.593099 0.022461 0.031250
0 0.267090 0.615234 0.026367 0.033854
0 0.288086 0.630859 0.029297 0.031250
0 0.311768 0.586589 0.018066 0.022135
0 0.291504 0.554036 0.024414 0.036458
0 0.304688 0.563477 0.020508 0.027995
0 0.303955 0.507812 0.017090 0.024740
0 0.316162 0.492839 0.023926 0.027344
0 0.284668 0.493490 0.015625 0.019531
0 0.294678 0.464844 0.017090 0.026042
0 0.334717 0.687826 0.019043 0.026693
0 0.360840 0.895182 0.017578 0.032552
0 0.370117 0.801107 0.024414 0.043620
0 0.404297 0.788411 0.022461 0.035156
0 0.421875 0.805990 0.020508 0.031250
0 0.394043 0.736654 0.017578 0.026693
0 0.362549 0.642253 0.019043 0.025391
0 0.365967 0.619141 0.019043 0.024740
0 0.353760 0.601562 0.023926 0.031250
0 0.277588 0.518880 0.022949 0.024740
0 0.220200 0.558268 0.024414 0.030599
0 0.260010 0.450846 0.019043 0.024089
0 0.256836 0.415365 0.018555 0.023438
0 0.256104 0.236328 0.025879 0.031250
0 0.280762 0.230469 0.020508 0.031250
0 0.359375 0.197917 0.022461 0.037760
0 0.319580 0.370117 0.023926 0.031901
0 0.364502 0.366536 0.023926 0.028646
0 0.312256 0.322266 0.023926 0.031250
0 0.326660 0.238932 0.021484 0.029948
0 0.369141 0.289062 0.023438 0.031250
0 0.375244 0.223633 0.026855 0.029297
0 0.401367 0.242839 0.027344 0.037760
0 0.397461 0.194661 0.026367 0.040365
0 0.437744 0.352539 0.025879 0.033203
0 0.428711 0.430990 0.021484 0.028646
0 0.423340 0.397135 0.024414 0.028646
0 0.435547 0.385742 0.020508 0.034505
0 0.364014 0.430990 0.020020 0.028646
0 0.381348 0.402995 0.022461 0.029948
0 0.395996 0.511068 0.019531 0.032552
0 0.406494 0.482096 0.017090 0.029297
0 0.427002 0.458659 0.020996 0.026693
0 0.423096 0.500977 0.027832 0.029297
0 0.358887 0.515951 0.020508 0.027995
0 0.345459 0.494792 0.018066 0.027344
0 0.347168 0.471680 0.015625 0.022786
0 0.331543 0.432617 0.024414 0.030599
0 0.301758 0.397786 0.018555 0.027344
0 0.286377 0.374023 0.019043 0.022786
0 0.279541 0.324219 0.021973 0.029948
0 0.279297 0.655924 0.015625 0.025391
0 0.303467 0.685221 0.021973 0.031901
0 0.333008 0.648438 0.015625 0.026042
0 0.402832 0.616536 0.016602 0.027344
0 0.449951 0.654622 0.022949 0.038411
0 0.473633 0.639648 0.020508 0.026693
0 0.473877 0.611003 0.020996 0.029297
0 0.447510 0.578451 0.017090 0.026693
0 0.428955 0.579102 0.018066 0.021484
0 0.419922 0.542969 0.015625 0.023438
0 0.492188 0.457031 0.021484 0.031250
0 0.462158 0.447591 0.021973 0.027995
0 0.476807 0.385417 0.020020 0.016927
0 0.487305 0.418620 0.017578 0.024740
0 0.492676 0.313477 0.025391 0.027995
0 0.484375 0.155924 0.028320 0.033203
0 0.461670 0.296549 0.025879 0.026693
0 0.398682 0.324870 0.020996 0.032552
0 0.400635 0.299479 0.023926 0.027344
0 0.416504 0.261393 0.026367 0.029297
0 0.383301 0.429036 0.021484 0.024740
0 0.465088 0.500977 0.016113 0.026693
0 0.449463 0.513346 0.020996 0.027995
0 0.442627 0.534505 0.020996 0.027344
0 0.473633 0.784180 0.022461 0.033203
0 0.438721 0.834635 0.022949 0.028646
0 0.468262 0.851562 0.013672 0.018229
0 0.444092 0.748372 0.025879 0.037109
0 0.260010 0.385417 0.018066 0.026042
0 0.252686 0.150716 0.020996 0.026693
0 0.267334 0.115234 0.019043 0.028646
0 0.528076 0.141602 0.021973 0.025391
0 0.538574 0.232747 0.025391 0.027995
0 0.514893 0.380859 0.020020 0.028646
0 0.519043 0.462240 0.019531 0.027344
0 0.531494 0.631836 0.025879 0.035807
0 0.534424 0.699544 0.023926 0.035807
0 0.538086 0.653320 0.025391 0.030599
0 0.573242 0.661458 0.024414 0.036458
0 0.578369 0.617188 0.018066 0.031250
0 0.583252 0.588867 0.019043 0.031901
0 0.560791 0.574870 0.020020 0.026042
0 0.494629 0.577148 0.020508 0.025391
0 0.527588 0.561198 0.019043 0.028646
0 0.504639 0.530924 0.016113 0.020182
0 0.513916 0.524740 0.015137 0.024740
0 0.534912 0.499023 0.018066 0.027995
0 0.508789 0.609049 0.016602 0.024089
0 0.593750 0.819336 0.026367 0.030599
0 0.616211 0.782878 0.024414 0.042318
0 0.590332 0.757487 0.026367 0.030599
0 0.563721 0.740900 0.022949 0.033854
0 0.600586 0.680990 0.024414 0.037760
0 0.598145 0.619792 0.024414 0.029948
0 0.642090 0.554036 0.022461 0.037760
0 0.639160 0.471029 0.031250 0.030599
0 0.645020 0.440755 0.020508 0.035156
0 0.663330 0.436849 0.022949 0.029948
0 0.656494 0.408529 0.025879 0.033203
0 0.604004 0.344727 0.017578 0.026693
0 0.591797 0.300781 0.022461 0.029948
0 0.659424 0.256836 0.025879 0.034505
0 0.681885 0.255208 0.028809 0.036458
0 0.625000 0.263021 0.024414 0.033854
0 0.630371 0.225911 0.019531 0.026042
0 0.619385 0.160482 0.019043 0.027995
0 0.665039 0.352214 0.031250 0.042969
0 0.734131 0.379883 0.032715 0.035807
0 0.727783 0.345378 0.029785 0.041016
0 0.737549 0.327148 0.030762 0.039714
0 0.690918 0.165690 0.022461 0.031901
0 0.680420 0.130859 0.027832 0.027344
0 0.718262 0.119466 0.029297 0.033203
0 0.766602 0.116536 0.027344 0.033854
0 0.670166 0.840169 0.028809 0.043620
0 0.623291 0.875977 0.024902 0.038411
0 0.614258 0.920247 0.025391 0.042318
0 0.586426 0.982747 0.030273 0.033203
0 0.659180 0.945312 0.022461 0.041667
0 0.739014 0.800130 0.021973 0.028646
0 0.729004 0.774740 0.024414 0.031250
0 0.708496 0.717122 0.025391 0.034505
0 0.673096 0.749023 0.024902 0.029297
0 0.712891 0.661458 0.025391 0.039062
0 0.581543 0.461589 0.024414 0.029948
0 0.561035 0.448893 0.019531 0.029297
0 0.598389 0.493815 0.023926 0.029297
0 0.609375 0.518229 0.020508 0.028646
0 0.637207 0.603190 0.022461 0.029297
0 0.617188 0.612630 0.021484 0.027344
0 0.647217 0.719401 0.019043 0.031250
0 0.700684 0.607747 0.021484 0.027995
0 0.704590 0.573893 0.018555 0.031901
0 0.715088 0.850260 0.027832 0.031250
0 0.591553 0.907878 0.018066 0.025391
0 0.809082 0.782878 0.023438 0.031901
0 0.827881 0.837240 0.022949 0.032552
0 0.826660 0.870117 0.028320 0.037109
0 0.793701 0.912109 0.022949 0.029948
0 0.765381 0.572266 0.016113 0.024740
0 0.787598 0.548503 0.031250 0.034505
0 0.689453 0.541016 0.022461 0.027344
0 0.698242 0.502930 0.017578 0.027995
0 0.738770 0.499674 0.018555 0.026693
0 0.726807 0.469727 0.014160 0.024089
0 0.780762 0.447266 0.019531 0.023438
0 0.771973 0.514648 0.015625 0.022786
0 0.755371 0.721680 0.024414 0.033203
0 0.775635 0.683919 0.017090 0.029297
0 0.809326 0.634115 0.020020 0.029948
0 0.800049 0.136393 0.020996 0.025391
0 0.920410 0.632161 0.029297 0.037760
0 0.831543 0.680990 0.032227 0.033854
0 0.504395 0.923828 0.019531 0.027344
0 0.878174 0.876628 0.025879 0.038411
0 0.898926 0.945312 0.024414 0.031250
0 0.864502 0.926758 0.027832 0.027995
0 0.808838 0.967122 0.019043 0.029297
0 0.814209 0.986979 0.019043 0.024740
0 0.833496 0.980794 0.015625 0.024089
0 0.802246 0.437826 0.024414 0.030599
0 0.742188 0.666667 0.021484 0.033854
0 0.822998 0.728841 0.019043 0.029297
0 0.713623 0.752930 0.025879 0.031901
0 0.638672 0.821940 0.022461 0.029297
0 0.693604 0.797526 0.019043 0.032552
0 0.855469 0.809570 0.023438 0.035807
0 0.982178 0.763997 0.023926 0.027995
0 0.928955 0.802083 0.034668 0.041667
0 0.503662 0.249023 0.019043 0.031901
0 0.556641 0.207682 0.025391 0.026042
0 0.657471 0.060872 0.020020 0.022786
0 0.697266 0.074544 0.023438 0.031901
0 0.517578 0.098307 0.018555 0.022135
0 0.805664 0.090169 0.027344 0.029297
0 0.767334 0.079102 0.027832 0.038411
0 0.737061 0.152669 0.024902 0.027995
0 0.234375 0.422526 0.016602 0.026042
