0 0.039795 0.938477 0.021973 0.026693
0 0.044434 0.871094 0.020508 0.039062
0 0.037842 0.908203 0.020996 0.029948
0 0.038086 0.832357 0.019531 0.020182
0 0.012695 0.846354 0.022461 0.035156
0 0.066650 0.797526 0.017090 0.033854
0 0.105957 0.825846 0.026367 0.035807
0 0.080078 0.747721 0.022461 0.034505
0 0.096436 0.739909 0.020020 0.038411
0 0.039795 0.757161 0.020020 0.036458
0 0.098877 0.977214 0.020996 0.032552
0 0.052246 0.962891 0.022461 0.033854
0 0.093750 0.772461 0.014648 0.024089
0 0.111328 0.788411 0.018555 0.024740
0 0.125244 0.753906 0.015137 0.019531
0 0.108643 0.767578 0.011230 0.022135
0 0.119141 0.723307 0.023438 0.036458
0 0.145752 0.761068 0.014160 0.023438
0 0.145508 0.790365 0.017578 0.023438
0 0.120850 0.860677 0.016113 0.023438
0 0.151367 0.672201 0.021484 0.035807
0 0.179443 0.803711 0.022949 0.035807
0 0.163330 0.825195 0.018066 0.027995
0 0.133789 0.971680 0.017578 0.029297
0 0.184082 0.900065 0.024414 0.031901
0 0.198242 0.844727 0.019531 0.034505
0 0.207031 0.707682 0.020508 0.029948
0 0.088867 0.486328 0.025391 0.033854
0 0.171387 0.556641 0.021484 0.032552
0 0.184326 0.519531 0.025879 0.033854
0 0.179932 0.475911 0.018066 0.022135
0 0.198975 0.396484 0.022949 0.031250
0 0.201416 0.366862 0.030762 0.031901
0 0.218750 0.281576 0.021484 0.029297
0 0.219482 0.153646 0.028809 0.031250
0 0.221436 0.109375 0.025879 0.028646
0 0.253906 0.162760 0.028320 0.032552
0 0.254883 0.251628 0.024414 0.029297
0 0.263184 0.290039 0.024414 0.027995
0 0.240234 0.291667 0.020508 0.027344
0 0.237061 0.319010 0.022949 0.028646
0 0.251465 0.370117 0.026367 0.038411
0 0.254395 0.478841 0.018555 0.034505
0 0.267578 0.418294 0.024414 0.024089
0 0.260742 0.339193 0.018555 0.024740
0 0.209473 0.621745 0.016602 0.028646
0 0.206055 0.567057 0.024414 0.027344
0 0.226807 0.657552 0.026855 0.036458
0 0.199951 0.545573 0.013184 0.015625
0 0.176025 0.638346 0.015137 0.020182
0 0.218018 0.812500 0.017090 0.031250
0 0.201904 0.794596 0.018066 0.026693
0 0.217041 0.867188 0.019043 0.032552
0 0.237061 0.941732 0.018066 0.026693
0 0.238281 0.980143 0.020508 0.030599
0 0.246582 0.900065 0.021484 0.031901
0 0.287598 0.881185 0.021484 0.033203
0 0.300049 0.990234 0.021973 0.018229
0 0.311035 0.817057 0.020508 0.028646
0 0.320801 0.870443 0.017578 0.032552
0 0.288818 0.824219 0.024902 0.036458
0 0.242920 0.763346 0.020020 0.025391
0 0.248291 0.736979 0.017090 0.028646
0 0.291504 0.694010 0.026367 0.033854
0 0.328369 0.754232 0.021973 0.039714
0 0.343750 0.740560 0.016602 0.035807
0 0.342041 0.712891 0.027832 0.035156
0 0.336914 0.694336 0.018555 0.033203
0 0.253906 0.639648 0.020508 0.029297
0 0.281738 0.638346 0.020508 0.031901
0 0.240723 0.838216 0.021484 0.035807
0 0.312988 0.518229 0.021484 0.027344
0 0.335205 0.604492 0.026855 0.042318
0 0.343018 0.286133 0.022949 0.029297
0 0.364014 0.183919 0.024902 0.038411
0 0.390625 0.199544 0.024414 0.035807
0 0.383789 0.120117 0.024414 0.027995
0 0.403809 0.250000 0.021484 0.029948
0 0.420654 0.204427 0.021973 0.033854
0 0.446777 0.181315 0.023438 0.030599
0 0.409912 0.130859 0.023926 0.035156
0 0.287109 0.453125 0.026367 0.032552
0 0.230225 0.559896 0.021973 0.039062
0 0.266846 0.679688 0.018066 0.026042
0 0.370361 0.733724 0.030762 0.031250
0 0.388672 0.621745 0.025391 0.035156
0 0.370361 0.626302 0.025879 0.033854
0 0.403809 0.686198 0.019531 0.027344
0 0.401855 0.664062 0.018555 0.026042
0 0.389404 0.648438 0.018066 0.026042
0 0.386230 0.893880 0.020508 0.037760
0 0.482178 0.908854 0.021973 0.029948
0 0.457520 0.818685 0.020508 0.026693
0 0.439941 0.787760 0.023438 0.027344
0 0.441895 0.711914 0.025391 0.035807
0 0.460693 0.719401 0.025879 0.035156
0 0.502441 0.716146 0.020508 0.022135
0 0.472412 0.668945 0.024902 0.039714
0 0.502930 0.651693 0.018555 0.033854
0 0.325439 0.784831 0.017090 0.026693
0 0.352783 0.845703 0.018066 0.031250
0 0.351318 0.919922 0.013184 0.016927
0 0.355225 0.953451 0.012207 0.018880
0 0.315186 0.599284 0.020020 0.029297
0 0.424561 0.573568 0.017090 0.024740
0 0.368164 0.568034 0.017578 0.024089
0 0.427734 0.522135 0.021484 0.031250
0 0.436035 0.481120 0.021484 0.024740
0 0.432861 0.459961 0.020996 0.022786
0 0.412842 0.426107 0.020020 0.021484
0 0.384521 0.469727 0.020020 0.025391
0 0.484619 0.474935 0.020996 0.033203
0 0.503174 0.474284 0.021973 0.033203
0 0.492920 0.311198 0.027832 0.039062
0 0.486084 0.198242 0.020996 0.030599
0 0.423096 0.290365 0.024902 0.032552
0 0.503662 0.585938 0.024902 0.033854
0 0.511475 0.565755 0.022949 0.029948
0 0.519531 0.418294 0.020508 0.025391
0 0.514160 0.390299 0.020508 0.026693
0 0.374023 0.307617 0.024414 0.027995
0 0.326172 0.324219 0.025391 0.027344
0 0.447021 0.605794 0.024902 0.034505
0 0.394775 0.719076 0.020020 0.035807
0 0.371338 0.691081 0.022949 0.026693
0 0.336182 0.360026 0.023926 0.028646
0 0.373047 0.251953 0.019531 0.019531
0 0.484619 0.274414 0.016113 0.020182
0 0.461182 0.258789 0.017090 0.024089
0 0.440918 0.374023 0.023438 0.033203
0 0.481934 0.352539 0.028320 0.037109
0 0.423096 0.914388 0.016113 0.021484
0 0.403320 0.891927 0.017578 0.027344
0 0.272461 0.882812 0.019531 0.033854
0 0.563965 0.522461 0.023438 0.025391
0 0.529785 0.500326 0.021484 0.031901
0 0.547852 0.459310 0.027344 0.037109
0 0.550781 0.351562 0.019531 0.024740
0 0.558105 0.254557 0.021484 0.026042
0 0.537109 0.209310 0.026367 0.026693
0 0.591309 0.455729 0.017578 0.033854
0 0.593750 0.438477 0.029297 0.026693
0 0.595459 0.410807 0.022949 0.035156
0 0.544434 0.552083 0.024414 0.026042
0 0.574463 0.701823 0.027832 0.035156
0 0.624512 0.914714 0.028320 0.036458
0 0.681396 0.751302 0.023926 0.037760
0 0.657471 0.704753 0.020996 0.034505
0 0.664062 0.629883 0.023438 0.027995
0 0.672119 0.550781 0.026855 0.029948
0 0.650391 0.527344 0.026367 0.037760
0 0.650635 0.412435 0.024902 0.033203
0 0.673828 0.371745 0.024414 0.035156
0 0.713623 0.469076 0.024902 0.029297
0 0.729492 0.547852 0.019531 0.030599
0 0.751953 0.538411 0.024414 0.036458
0 0.729492 0.514974 0.025391 0.026042
0 0.785645 0.618164 0.020508 0.033203
0 0.790527 0.557617 0.023438 0.031901
0 0.776855 0.506185 0.020508 0.026693
0 0.798584 0.483398 0.026855 0.033203
0 0.854248 0.327148 0.029785 0.027995
0 0.746826 0.207357 0.026855 0.030599
0 0.722412 0.160482 0.027832 0.043620
0 0.618652 0.285807 0.027344 0.035156
0 0.522217 0.447591 0.018066 0.027995
0 0.787842 0.696615 0.025879 0.036458
0 0.784180 0.796224 0.021484 0.032552
0 0.817383 0.386068 0.031250 0.032552
0 0.787842 0.363932 0.021973 0.020833
0 0.771240 0.278320 0.027832 0.031901
0 0.743408 0.303711 0.024902 0.033203
0 0.885010 0.820964 0.020996 0.040365
0 0.874512 0.878581 0.030273 0.041016
0 0.913818 0.449544 0.025879 0.041016
0 0.755127 0.425781 0.020996 0.024740
0 0.621582 0.516602 0.025391 0.029297
0 0.686279 0.315104 0.031738 0.029948
0 0.649658 0.346354 0.024902 0.028646
0 0.611328 0.317057 0.024414 0.032552
0 0.650146 0.897786 0.020996 0.036458
0 0.519043 0.940430 0.024414 0.033203
0 0.508789 0.937500 0.021484 0.031250
0 0.878418 0.925781 0.023438 0.029948
0 0.971924 0.524740 0.026855 0.033854
0 0.948730 0.553385 0.030273 0.035156
0 0.964600 0.426758 0.029785 0.037109
0 0.867188 0.449870 0.019531 0.028646
0 0.884277 0.535807 0.024414 0.032552
0 0.715820 0.648438 0.028320 0.033854
0 0.586914 0.576497 0.023438 0.034505
0 0.682129 0.225260 0.028320 0.032552
0 0.702637 0.710612 0.019531 0.029297
0 0.721436 0.714518 0.021973 0.033203
0 0.727295 0.880534 0.023926 0.031901
0 0.703857 0.864909 0.030762 0.037109
0 0.753418 0.370117 0.021484 0.024089
0 0.750000 0.163086 0.028320 0.034505
0 0.807861 0.582357 0.029785 0.033203
0 0.809570 0.789388 0.017578 0.025391
0 0.768555 0.886719 0.032227 0.039062
0 0.620117 0.355143 0.020508 0.022786
0 0.392334 0.508789 0.016113 0.021484
0 0.404297 0.476888 0.018555 0.029297
0 0.316895 0.486654 0.017578 0.020182
0 0.438965 0.753906 0.016602 0.031250
0 0.504639 0.736003 0.022949 0.029297
0 0.624023 0.487956 0.024414 0.026693
0 0.624512 0.465169 0.021484 0.029297
0 0.609131 0.406576 0.024902 0.027995
