0 0.818115 0.302734 0.028809 0.041667
0 0.913818 0.017253 0.020020 0.027995
0 0.892822 0.040365 0.017090 0.019531
0 0.859131 0.014974 0.025879 0.028646
0 0.818115 0.347331 0.023926 0.029297
0 0.809326 0.406250 0.017090 0.031250
0 0.801025 0.431300 0.019043 0.030599
0 0.830078 0.113281 0.020508 0.031250
0 0.770752 0.248372 0.020020 0.034505
0 0.755859 0.258789 0.022461 0.031901
0 0.797607 0.334635 0.019043 0.024740
0 0.767334 0.380859 0.026855 0.041667
0 0.751953 0.406901 0.022461 0.031250
0 0.732910 0.384766 0.026367 0.033854
0 0.711914 0.369141 0.029297 0.031250
0 0.688232 0.413411 0.018066 0.022135
0 0.708496 0.445964 0.024414 0.036458
0 0.695312 0.436523 0.020508 0.027995
0 0.696045 0.492188 0.017090 0.024740
0 0.683838 0.507161 0.023926 0.027344
0 0.715332 0.506510 0.015625 0.019531
0 0.705322 0.535156 0.017090 0.026042
0 0.665283 0.312174 0.019043 0.026693
0 0.639160 0.104818 0.017578 0.032552
0 0.629883 0.198893 0.024414 0.043620
0 0.595703 0.211589 0.022461 0.035156
0 0.578125 0.194010 0.020508 0.031250
0 0.605957 0.263346 0.017578 0.026693
0 0.637451 0.357747 0.019043 0.025391
0 0.634033 0.380859 0.019043 0.024740
0 0.646240 0.398438 0.023926 0.031250
0 0.722412 0.481120 0.022949 0.024740
0 0.779800 0.441732 0.024414 0.030599
0 0.739990 0.549154 0.019043 0.024089
0 0.743164 0.584635 0.018555 0.023438
0 0.743896 0.763672 0.025879 0.031250
0 0.719238 0.769531 0.020508 0.031250
0 0.640625 0.802083 0.022461 0.037760
0 0.680420 0.629883 0.023926 0.031901
0 0.635498 0.633464 0.023926 0.028646
0 0.687744 0.677734 0.023926 0.031250
0 0.673340 0.761068 0.021484 0.029948
0 0.630859 0.710938 0.023438 0.031250
0 0.624756 0.776367 0.026855 0.029297
0 0.598633 0.757161 0.027344 0.037760
0 0.602539 0.805339 0.026367 0.040365
0 0.562256 0.647461 0.025879 0.033203
0 0.571289 0.569010 0.021484 0.028646
0 0.576660 0.602865 0.024414 0.028646
0 0.564453 0.614258 0.020508 0.034505
0 0.635986 0.569010 0.020020 0.028646
0 0.618652 0.597005 0.022461 0.029948
0 0.604004 0.488932 0.019531 0.032552
0 0.593506 0.517904 0.017090 0.029297
0 0.572998 0.541341 0.020996 0.026693
0 0.576904 0.499023 0.027832 0.029297
0 0.641113 0.484049 0.020508 0.027995
0 0.654541 0.505208 0.018066 0.027344
0 0.652832 0.528320 0.015625 0.022786
0 0.668457 0.567383 0.024414 0.030599
0 0.698242 0.602214 0.018555 0.027344
0 0.713623 0.625977 0.019043 0.022786
0 0.720459 0.675781 0.021973 0.029948
0 0.720703 0.344076 0.015625 0.025391
0 0.696533 0.314779 0.021973 0.031901
0 0.666992 0.351562 0.015625 0.026042
0 0.597168 0.383464 0.016602 0.027344
0 0.550049 0.345378 0.022949 0.038411
0 0.526367 0.360352 0.020508 0.026693
0 0.526123 0.388997 0.020996 0.029297
0 0.552490 0.421549 0.017090 0.026693
0 0.571045 0.420898 0.018066 0.021484
0 0.580078 0.457031 0.015625 0.023438
0 0.507812 0.542969 0.021484 0.031250
0 0.537842 0.552409 0.021973 0.027995
0 0.523193 0.614583 0.020020 0.016927
0 0.512695 0.581380 0.017578 0.024740
0 0.507324 0.686523 0.025391 0.027995
0 0.515625 0.844076 0.028320 0.033203
0 0.538330 0.703451 0.025879 0.026693
0 0.601318 0.675130 0.020996 0.032552
0 0.599365 0.700521 0.023926 0.027344
0 0.583496 0.738607 0.026367 0.029297
0 0.616699 0.570964 0.021484 0.024740
0 0.534912 0.499023 0.016113 0.026693
0 0.550537 0.486654 0.020996 0.027995
0 0.557373 0.465495 0.020996 0.027344
0 0.526367 0.215820 0.022461 0.033203
0 0.561279 0.165365 0.022949 0.028646
0 0.531738 0.148438 0.013672 0.018229
0 0.555908 0.251628 0.025879 0.037109
0 0.739990 0.614583 0.018066 0.026042
0 0.747314 0.849284 0.020996 0.026693
0 0.732666 0.884766 0.019043 0.028646
0 0.471924 0.858398 0.021973 0.025391
0 0.461426 0.767253 0.025391 0.027995
0 0.485107 0.619141 0.020020 0.028646
0 0.480957 0.537760 0.019531 0.027344
0 0.468506 0.368164 0.025879 0.035807
0 0.465576 0.300456 0.023926 0.035807
0 0.461914 0.346680 0.025391 0.030599
0 0.426758 0.338542 0.024414 0.036458
0 0.421631 0.382812 0.018066 0.031250
0 0.416748 0.411133 0.019043 0.031901
0 0.439209 0.425130 0.020020 0.026042
0 0.505371 0.422852 0.020508 0.025391
0 0.472412 0.438802 0.019043 0.028646
0 0.495361 0.469076 0.016113 0.020182
0 0.486084 0.475260 0.015137 0.024740
0 0.465088 0.500977 0.018066 0.027995
0 0.491211 0.390951 0.016602 0.024089
0 0.406250 0.180664 0.026367 0.030599
0 0.383789 0.217122 0.024414 0.042318
0 0.409668 0.242513 0.026367 0.030599
0 0.436279 0.259100 0.022949 0.033854
0 0.399414 0.319010 0.024414 0.037760
0 0.401855 0.380208 0.024414 0.029948
0 0.357910 0.445964 0.022461 0.037760
0 0.360840 0.528971 0.031250 0.030599
0 0.354980 0.559245 0.020508 0.035156
0 0.336670 0.563151 0.022949 0.029948
0 0.343506 0.591471 0.025879 0.033203
0 0.395996 0.655273 0.017578 0.026693
0 0.408203 0.699219 0.022461 0.029948
0 0.340576 0.743164 0.025879 0.034505
0 0.318115 0.744792 0.028809 0.036458
0 0.375000 0.736979 0.024414 0.033854
0 0.369629 0.774089 0.019531 0.026042
0 0.380615 0.839518 0.019043 0.027995
0 0.334961 0.647786 0.031250 0.042969
0 0.265869 0.620117 0.032715 0.035807
0 0.272217 0.654622 0.029785 0.041016
0 0.262451 0.672852 0.030762 0.039714
0 0.309082 0.834310 0.022461 0.031901
0 0.319580 0.869141 0.027832 0.027344
0 0.281738 0.880534 0.029297 0.033203
0 0.233398 0.883464 0.027344 0.033854
0 0.329834 0.159831 0.028809 0.043620
0 0.376709 0.124023 0.024902 0.038411
0 0.385742 0.079753 0.025391 0.042318
0 0.413574 0.017253 0.030273 0.033203
0 0.340820 0.054688 0.022461 0.041667
0 0.260986 0.199870 0.021973 0.028646
0 0.270996 0.225260 0.024414 0.031250
0 0.291504 0.282878 0.025391 0.034505
0 0.326904 0.250977 0.024902 0.029297
0 0.287109 0.338542 0.025391 0.039062
0 0.418457 0.538411 0.024414 0.029948
0 0.438965 0.551107 0.019531 0.029297
0 0.401611 0.506185 0.023926 0.029297
0 0.390625 0.481771 0.020508 0.028646
0 0.362793 0.396810 0.022461 0.029297
0 0.382812 0.387370 0.021484 0.027344
0 0.352783 0.280599 0.019043 0.031250
0 0.299316 0.392253 0.021484 0.027995
0 0.295410 0.426107 0.018555 0.031901
0 0.284912 0.149740 0.027832 0.031250
0 0.408447 0.092122 0.018066 0.025391
0 0.190918 0.217122 0.023438 0.031901
0 0.172119 0.162760 0.022949 0.032552
0 0.173340 0.129883 0.028320 0.037109
0 0.206299 0.087891 0.022949 0.029948
0 0.234619 0.427734 0.016113 0.024740
0 0.212402 0.451497 0.031250 0.034505
0 0.310547 0.458984 0.022461 0.027344
0 0.301758 0.497070 0.017578 0.027995
0 0.261230 0.500326 0.018555 0.026693
0 0.273193 0.530273 0.014160 0.024089
0 0.219238 0.552734 0.019531 0.023438
0 0.228027 0.485352 0.015625 0.022786
0 0.244629 0.278320 0.024414 0.033203
0 0.224365 0.316081 0.017090 0.029297
0 0.190674 0.365885 0.020020 0.029948
0 0.199951 0.863607 0.020996 0.025391
0 0.079590 0.367839 0.029297 0.037760
0 0.168457 0.319010 0.032227 0.033854
0 0.495605 0.076172 0.019531 0.027344
0 0.121826 0.123372 0.025879 0.038411
0 0.101074 0.054688 0.024414 0.031250
0 0.135498 0.073242 0.027832 0.027995
0 0.191162 0.032878 0.019043 0.029297
0 0.185791 0.013021 0.019043 0.024740
0 0.166504 0.019206 0.015625 0.024089
0 0.197754 0.562174 0.024414 0.030599
0 0.257812 0.333333 0.021484 0.033854
0 0.177002 0.271159 0.019043 0.029297
0 0.286377 0.247070 0.025879 0.031901
0 0.361328 0.178060 0.022461 0.029297
0 0.306396 0.202474 0.019043 0.032552
0 0.144531 0.190430 0.023438 0.035807
0 0.017822 0.236003 0.023926 0.027995
0 0.071045 0.197917 0.034668 0.041667
0 0.496338 0.750977 0.019043 0.031901
0 0.443359 0.792318 0.025391 0.026042
0 0.342529 0.939128 0.020020 0.022786
0 0.302734 0.925456 0.023438 0.031901
0 0.482422 0.901693 0.018555 0.022135
0 0.194336 0.909831 0.027344 0.029297
0 0.232666 0.920898 0.027832 0.038411
0 0.262939 0.847331 0.024902 0.027995
0 0.765625 0.577474 0.016602 0.026042
