0 0.074219 0.291260 0.039062 0.029785
0 0.104492 0.271973 0.048828 0.022461
0 0.399089 0.093018 0.045573 0.028809
0 0.544596 0.096436 0.038411 0.027832
0 0.564128 0.135498 0.027995 0.025879
0 0.645508 0.084473 0.035807 0.027344
0 0.750326 0.226074 0.033203 0.021484
0 0.702799 0.256104 0.031901 0.025879
0 0.374674 0.277588 0.044922 0.038574
0 0.260417 0.388916 0.033854 0.020996
0 0.287109 0.395264 0.024740 0.016113
0 0.180339 0.318604 0.033854 0.024902
0 0.316406 0.293213 0.037760 0.032715
0 0.456380 0.166260 0.037760 0.024902
0 0.556641 0.270752 0.035156 0.023926
0 0.575521 0.069580 0.028646 0.021973
0 0.559245 0.048584 0.026042 0.019043
0 0.753906 0.102295 0.026042 0.020996
0 0.815755 0.106201 0.033854 0.026855
0 0.814128 0.183838 0.031901 0.027832
0 0.828451 0.241211 0.029297 0.031250
0 0.779297 0.219971 0.035156 0.023926
0 0.718424 0.213135 0.035807 0.020996
0 0.666341 0.273438 0.034505 0.020508
0 0.733398 0.300537 0.029297 0.027832
0 0.447266 0.324463 0.045573 0.034668
0 0.516602 0.352051 0.031901 0.031250
0 0.464844 0.309082 0.041667 0.023438
0 0.559245 0.376221 0.032552 0.023926
0 0.583984 0.348877 0.027344 0.025879
0 0.236003 0.242432 0.035807 0.018066
0 0.214193 0.261963 0.032552 0.020996
0 0.243164 0.282959 0.029297 0.019043
0 0.249023 0.323975 0.033203 0.023926
0 0.328451 0.411133 0.035807 0.024414
0 0.324870 0.436768 0.026042 0.019043
0 0.369141 0.451660 0.036458 0.032227
0 0.355469 0.425537 0.032552 0.023926
0 0.397135 0.442139 0.031250 0.028809
0 0.395833 0.423584 0.027344 0.019043
0 0.444661 0.405762 0.031250 0.020508
0 0.475260 0.413086 0.024740 0.015625
0 0.507812 0.465332 0.036458 0.026367
0 0.303385 0.477295 0.041667 0.025879
0 0.338867 0.480957 0.041016 0.030273
0 0.038411 0.487549 0.042969 0.029785
0 0.157227 0.425537 0.034505 0.024902
0 0.184245 0.402588 0.033854 0.025879
0 0.680339 0.448975 0.036458 0.025879
0 0.769857 0.452637 0.038411 0.026367
0 0.754883 0.499756 0.041016 0.023926
0 0.728516 0.513672 0.033854 0.027344
0 0.693359 0.493408 0.035156 0.029785
0 0.837891 0.469727 0.035156 0.030273
0 0.732422 0.421387 0.027344 0.023438
0 0.653971 0.471436 0.034505 0.020996
0 0.256510 0.469971 0.033854 0.020020
0 0.168945 0.480469 0.044922 0.026367
0 0.430990 0.540283 0.041667 0.030762
0 0.380208 0.557373 0.040365 0.025879
0 0.259115 0.548584 0.039062 0.027832
0 0.235352 0.581299 0.034505 0.020996
0 0.423503 0.632324 0.042318 0.030273
0 0.437826 0.586426 0.042318 0.032227
0 0.547852 0.545166 0.030599 0.020996
0 0.679688 0.637451 0.028646 0.024902
0 0.667318 0.668213 0.028646 0.025879
0 0.885417 0.555420 0.031250 0.034668
0 0.298503 0.571289 0.026693 0.022461
0 0.253255 0.515625 0.045573 0.035156
0 0.179688 0.532715 0.037760 0.022461
0 0.033529 0.539551 0.027995 0.020508
0 0.061198 0.541748 0.028646 0.019043
0 0.073568 0.586426 0.032552 0.024414
0 0.317057 0.640625 0.027344 0.020508
0 0.280273 0.677979 0.035807 0.025879
0 0.326497 0.704346 0.035807 0.026855
0 0.322917 0.734131 0.037760 0.023926
0 0.237956 0.803467 0.042318 0.027832
0 0.205078 0.781250 0.028646 0.022461
0 0.162109 0.692139 0.036458 0.024902
0 0.158529 0.643555 0.034505 0.029297
0 0.246419 0.619385 0.029297 0.024902
0 0.579753 0.631592 0.024089 0.014160
0 0.641602 0.612793 0.026693 0.024414
0 0.538411 0.591553 0.044271 0.034668
0 0.486328 0.576416 0.035156 0.026855
0 0.604492 0.720703 0.034505 0.026367
0 0.571615 0.784668 0.036458 0.024414
0 0.870768 0.822510 0.039714 0.030762
0 0.718099 0.773926 0.029948 0.024414
0 0.762695 0.731201 0.037109 0.021973
0 0.283529 0.777588 0.035807 0.025879
0 0.314779 0.777588 0.042318 0.023926
0 0.053711 0.515381 0.030599 0.023926
0 0.894206 0.584961 0.038411 0.031250
0 0.939779 0.558594 0.039714 0.028320
0 0.951497 0.808350 0.039714 0.027832
0 0.908854 0.709229 0.032552 0.026855
0 0.975911 0.682129 0.044271 0.031250
0 0.446615 0.704834 0.033854 0.023926
0 0.328451 0.874512 0.037109 0.023438
0 0.281576 0.873047 0.041016 0.026367
0 0.191732 0.855469 0.034505 0.022461
0 0.113607 0.859619 0.029297 0.023926
0 0.234701 0.860596 0.039714 0.024902
0 0.207031 0.930664 0.039062 0.024414
0 0.461589 0.945801 0.039062 0.034180
0 0.631185 0.928955 0.047526 0.032715
0 0.369792 0.598877 0.040365 0.027832
0 0.323242 0.662598 0.042318 0.024414
0 0.082682 0.663086 0.033854 0.026367
0 0.194010 0.896973 0.032552 0.024414
0 0.298828 0.907227 0.035156 0.027344
0 0.608398 0.691162 0.046224 0.034668
0 0.537109 0.781250 0.026042 0.024414
0 0.638021 0.545166 0.033854 0.021973
0 0.597005 0.536133 0.035156 0.029297
0 0.662109 0.328613 0.039062 0.025391
0 0.617188 0.355957 0.026042 0.019531
0 0.678385 0.403320 0.040365 0.031250
0 0.573893 0.500732 0.026693 0.020996
