0 0.061523 0.039795 0.026693 0.021973
0 0.128906 0.044434 0.039062 0.020508
0 0.091797 0.037842 0.029948 0.020996
0 0.167643 0.038086 0.020182 0.019531
0 0.153646 0.012695 0.035156 0.022461
0 0.202474 0.066650 0.033854 0.017090
0 0.174154 0.105957 0.035807 0.026367
0 0.252279 0.080078 0.034505 0.022461
0 0.260091 0.096436 0.038411 0.020020
0 0.242839 0.039795 0.036458 0.020020
0 0.022786 0.098877 0.032552 0.020996
0 0.037109 0.052246 0.033854 0.022461
0 0.227539 0.093750 0.024089 0.014648
0 0.211589 0.111328 0.024740 0.018555
0 0.246094 0.125244 0.019531 0.015137
0 0.232422 0.108643 0.022135 0.011230
0 0.276693 0.119141 0.036458 0.023438
0 0.238932 0.145752 0.023438 0.014160
0 0.209635 0.145508 0.023438 0.017578
0 0.139323 0.120850 0.023438 0.016113
0 0.327799 0.151367 0.035807 0.021484
0 0.196289 0.179443 0.035807 0.022949
0 0.174805 0.163330 0.027995 0.018066
0 0.028320 0.133789 0.029297 0.017578
0 0.099935 0.184082 0.031901 0.024414
0 0.155273 0.198242 0.034505 0.019531
0 0.292318 0.207031 0.029948 0.020508
0 0.513672 0.088867 0.033854 0.025391
0 0.443359 0.171387 0.032552 0.021484
0 0.480469 0.184326 0.033854 0.025879
0 0.524089 0.179932 0.022135 0.018066
0 0.603516 0.198975 0.031250 0.022949
0 0.633138 0.201416 0.031901 0.030762
0 0.718424 0.218750 0.029297 0.021484
0 0.846354 0.219482 0.031250 0.028809
0 0.890625 0.221436 0.028646 0.025879
0 0.837240 0.253906 0.032552 0.028320
0 0.748372 0.254883 0.029297 0.024414
0 0.709961 0.263184 0.027995 0.024414
0 0.708333 0.240234 0.027344 0.020508
0 0.680990 0.237061 0.028646 0.022949
0 0.629883 0.251465 0.038411 0.026367
0 0.521159 0.254395 0.034505 0.018555
0 0.581706 0.267578 0.024089 0.024414
0 0.660807 0.260742 0.024740 0.018555
0 0.378255 0.209473 0.028646 0.016602
0 0.432943 0.206055 0.027344 0.024414
0 0.342448 0.226807 0.036458 0.026855
0 0.454427 0.199951 0.015625 0.013184
0 0.361654 0.176025 0.020182 0.015137
0 0.187500 0.218018 0.031250 0.017090
0 0.205404 0.201904 0.026693 0.018066
0 0.132812 0.217041 0.032552 0.019043
0 0.058268 0.237061 0.026693 0.018066
0 0.019857 0.238281 0.030599 0.020508
0 0.099935 0.246582 0.031901 0.021484
0 0.118815 0.287598 0.033203 0.021484
0 0.009766 0.300049 0.018229 0.021973
0 0.182943 0.311035 0.028646 0.020508
0 0.129557 0.320801 0.032552 0.017578
0 0.175781 0.288818 0.036458 0.024902
0 0.236654 0.242920 0.025391 0.020020
0 0.263021 0.248291 0.028646 0.017090
0 0.305990 0.291504 0.033854 0.026367
0 0.245768 0.328369 0.039714 0.021973
0 0.259440 0.343750 0.035807 0.016602
0 0.287109 0.342041 0.035156 0.027832
0 0.305664 0.336914 0.033203 0.018555
0 0.360352 0.253906 0.029297 0.020508
0 0.361654 0.281738 0.031901 0.020508
0 0.161784 0.240723 0.035807 0.021484
0 0.481771 0.312988 0.027344 0.021484
0 0.395508 0.335205 0.042318 0.026855
0 0.713867 0.343018 0.029297 0.022949
0 0.816081 0.364014 0.038411 0.024902
0 0.800456 0.390625 0.035807 0.024414
0 0.879883 0.383789 0.027995 0.024414
0 0.750000 0.403809 0.029948 0.021484
0 0.795573 0.420654 0.033854 0.021973
0 0.818685 0.446777 0.030599 0.023438
0 0.869141 0.409912 0.035156 0.023926
0 0.546875 0.287109 0.032552 0.026367
0 0.440104 0.230225 0.039062 0.021973
0 0.320312 0.266846 0.026042 0.018066
0 0.266276 0.370361 0.031250 0.030762
0 0.378255 0.388672 0.035156 0.025391
0 0.373698 0.370361 0.033854 0.025879
0 0.313802 0.403809 0.027344 0.019531
0 0.335938 0.401855 0.026042 0.018555
0 0.351562 0.389404 0.026042 0.018066
0 0.106120 0.386230 0.037760 0.020508
0 0.091146 0.482178 0.029948 0.021973
0 0.181315 0.457520 0.026693 0.020508
0 0.212240 0.439941 0.027344 0.023438
0 0.288086 0.441895 0.035807 0.025391
0 0.280599 0.460693 0.035156 0.025879
0 0.283854 0.502441 0.022135 0.020508
0 0.331055 0.472412 0.039714 0.024902
0 0.348307 0.502930 0.033854 0.018555
0 0.215169 0.325439 0.026693 0.017090
0 0.154297 0.352783 0.031250 0.018066
0 0.080078 0.351318 0.016927 0.013184
0 0.046549 0.355225 0.018880 0.012207
0 0.400716 0.315186 0.029297 0.020020
0 0.426432 0.424561 0.024740 0.017090
0 0.431966 0.368164 0.024089 0.017578
0 0.477865 0.427734 0.031250 0.021484
0 0.518880 0.436035 0.024740 0.021484
0 0.540039 0.432861 0.022786 0.020996
0 0.573893 0.412842 0.021484 0.020020
0 0.530273 0.384521 0.025391 0.020020
0 0.525065 0.484619 0.033203 0.020996
0 0.525716 0.503174 0.033203 0.021973
0 0.688802 0.492920 0.039062 0.027832
0 0.801758 0.486084 0.030599 0.020996
0 0.709635 0.423096 0.032552 0.024902
0 0.414062 0.503662 0.033854 0.024902
0 0.434245 0.511475 0.029948 0.022949
0 0.581706 0.519531 0.025391 0.020508
0 0.609701 0.514160 0.026693 0.020508
0 0.692383 0.374023 0.027995 0.024414
0 0.675781 0.326172 0.027344 0.025391
0 0.394206 0.447021 0.034505 0.024902
0 0.280924 0.394775 0.035807 0.020020
0 0.308919 0.371338 0.026693 0.022949
0 0.639974 0.336182 0.028646 0.023926
0 0.748047 0.373047 0.019531 0.019531
0 0.725586 0.484619 0.020182 0.016113
0 0.741211 0.461182 0.024089 0.017090
0 0.625977 0.440918 0.033203 0.023438
0 0.647461 0.481934 0.037109 0.028320
0 0.085612 0.423096 0.021484 0.016113
0 0.108073 0.403320 0.027344 0.017578
0 0.117188 0.272461 0.033854 0.019531
0 0.477539 0.563965 0.025391 0.023438
0 0.499674 0.529785 0.031901 0.021484
0 0.540690 0.547852 0.037109 0.027344
0 0.648438 0.550781 0.024740 0.019531
0 0.745443 0.558105 0.026042 0.021484
0 0.790690 0.537109 0.026693 0.026367
0 0.544271 0.591309 0.033854 0.017578
0 0.561523 0.593750 0.026693 0.029297
0 0.589193 0.595459 0.035156 0.022949
0 0.447917 0.544434 0.026042 0.024414
0 0.298177 0.574463 0.035156 0.027832
0 0.085286 0.624512 0.036458 0.028320
0 0.248698 0.681396 0.037760 0.023926
0 0.295247 0.657471 0.034505 0.020996
0 0.370117 0.664062 0.027995 0.023438
0 0.449219 0.672119 0.029948 0.026855
0 0.472656 0.650391 0.037760 0.026367
0 0.587565 0.650635 0.033203 0.024902
0 0.628255 0.673828 0.035156 0.024414
0 0.530924 0.713623 0.029297 0.024902
0 0.452148 0.729492 0.030599 0.019531
0 0.461589 0.751953 0.036458 0.024414
0 0.485026 0.729492 0.026042 0.025391
0 0.381836 0.785645 0.033203 0.020508
0 0.442383 0.790527 0.031901 0.023438
0 0.493815 0.776855 0.026693 0.020508
0 0.516602 0.798584 0.033203 0.026855
0 0.672852 0.854248 0.027995 0.029785
0 0.792643 0.746826 0.030599 0.026855
0 0.839518 0.722412 0.043620 0.027832
0 0.714193 0.618652 0.035156 0.027344
0 0.552409 0.522217 0.027995 0.018066
0 0.303385 0.787842 0.036458 0.025879
0 0.203776 0.784180 0.032552 0.021484
0 0.613932 0.817383 0.032552 0.031250
0 0.636068 0.787842 0.020833 0.021973
0 0.721680 0.771240 0.031901 0.027832
0 0.696289 0.743408 0.033203 0.024902
0 0.179036 0.885010 0.040365 0.020996
0 0.121419 0.874512 0.041016 0.030273
0 0.550456 0.913818 0.041016 0.025879
0 0.574219 0.755127 0.024740 0.020996
0 0.483398 0.621582 0.029297 0.025391
0 0.684896 0.686279 0.029948 0.031738
0 0.653646 0.649658 0.028646 0.024902
0 0.682943 0.611328 0.032552 0.024414
0 0.102214 0.650146 0.036458 0.020996
0 0.059570 0.519043 0.033203 0.024414
0 0.062500 0.508789 0.031250 0.021484
0 0.074219 0.878418 0.029948 0.023438
0 0.475260 0.971924 0.033854 0.026855
0 0.446615 0.948730 0.035156 0.030273
0 0.573242 0.964600 0.037109 0.029785
0 0.550130 0.867188 0.028646 0.019531
0 0.464193 0.884277 0.032552 0.024414
0 0.351562 0.715820 0.033854 0.028320
0 0.423503 0.586914 0.034505 0.023438
0 0.774740 0.682129 0.032552 0.028320
0 0.289388 0.702637 0.029297 0.019531
0 0.285482 0.721436 0.033203 0.021973
0 0.119466 0.727295 0.031901 0.023926
0 0.135091 0.703857 0.037109 0.030762
0 0.629883 0.753418 0.024089 0.021484
0 0.836914 0.750000 0.034505 0.028320
0 0.417643 0.807861 0.033203 0.029785
0 0.210612 0.809570 0.025391 0.017578
0 0.113281 0.768555 0.039062 0.032227
0 0.644857 0.620117 0.022786 0.020508
0 0.491211 0.392334 0.021484 0.016113
0 0.523112 0.404297 0.029297 0.018555
0 0.513346 0.316895 0.020182 0.017578
0 0.246094 0.438965 0.031250 0.016602
0 0.263997 0.504639 0.029297 0.022949
0 0.512044 0.624023 0.026693 0.024414
0 0.534831 0.624512 0.029297 0.021484
0 0.593424 0.609131 0.027995 0.024902
