0 0.114258 0.932292 0.022461 0.041667
0 0.175049 0.944661 0.025879 0.037760
0 0.012207 0.762695 0.023438 0.042318
0 0.025879 0.711914 0.017578 0.029297
0 0.018799 0.663411 0.027832 0.040365
0 0.074219 0.374023 0.028320 0.029297
0 0.063965 0.330729 0.024414 0.036458
0 0.107422 0.369141 0.026367 0.037760
0 0.117920 0.181315 0.020996 0.034505
0 0.098633 0.443359 0.029297 0.028646
0 0.098633 0.499023 0.022461 0.029297
0 0.096436 0.587565 0.024902 0.034505
0 0.104004 0.622721 0.022461 0.033203
0 0.072754 0.715495 0.017578 0.029948
0 0.107422 0.796549 0.020508 0.038411
0 0.116211 0.757161 0.022461 0.035156
0 0.105713 0.711589 0.017090 0.031250
0 0.096680 0.680664 0.020508 0.030599
0 0.136963 0.615900 0.023926 0.033854
0 0.147217 0.571615 0.027832 0.044271
0 0.122803 0.529622 0.020996 0.035807
0 0.123291 0.500977 0.023926 0.030599
0 0.128418 0.454753 0.024414 0.031901
0 0.145508 0.488932 0.022461 0.032552
0 0.153809 0.334310 0.021484 0.027995
0 0.195557 0.270182 0.023926 0.037760
0 0.225342 0.275716 0.027832 0.026693
0 0.221436 0.340820 0.023926 0.043620
0 0.218506 0.448568 0.020996 0.029948
0 0.244629 0.408529 0.020508 0.021484
0 0.209961 0.499023 0.022461 0.027995
0 0.230713 0.526042 0.019043 0.026042
0 0.216553 0.599609 0.021973 0.027344
0 0.199463 0.638346 0.025879 0.037109
0 0.177002 0.680990 0.019043 0.036458
0 0.171631 0.615234 0.027832 0.035156
0 0.169922 0.779622 0.019531 0.043620
0 0.152344 0.795898 0.025391 0.033203
0 0.163086 0.851562 0.018555 0.031250
0 0.185547 0.877604 0.024414 0.042969
0 0.212891 0.848958 0.019531 0.035156
0 0.249756 0.342122 0.025879 0.033203
0 0.256104 0.269206 0.022949 0.031901
0 0.275635 0.388672 0.020996 0.029948
0 0.281006 0.331380 0.020996 0.031250
0 0.303467 0.304036 0.023926 0.032552
0 0.256592 0.459635 0.020996 0.026042
0 0.252686 0.483398 0.020996 0.026693
0 0.240723 0.663411 0.017578 0.022135
0 0.239258 0.697591 0.017578 0.029297
0 0.256592 0.705404 0.019043 0.034505
0 0.281006 0.776367 0.025879 0.050130
0 0.261963 0.780924 0.017090 0.031901
0 0.237549 0.834635 0.017090 0.033854
0 0.230713 0.889323 0.020996 0.028646
0 0.260010 0.891276 0.027832 0.031250
0 0.229004 0.956055 0.020508 0.031901
0 0.227051 0.987956 0.022461 0.022786
0 0.164551 0.495443 0.015625 0.027344
0 0.303467 0.617188 0.018066 0.031250
0 0.299561 0.420898 0.023926 0.030599
0 0.341797 0.304362 0.020508 0.031901
0 0.331299 0.370117 0.017090 0.025391
0 0.360840 0.378581 0.015625 0.021484
0 0.376465 0.412760 0.026367 0.037760
0 0.329834 0.410482 0.019043 0.024089
0 0.334717 0.493490 0.020996 0.029948
0 0.284180 0.526367 0.013672 0.021484
0 0.275635 0.606445 0.019043 0.022786
0 0.318604 0.559570 0.016113 0.021484
0 0.316895 0.655273 0.016602 0.027995
0 0.324219 0.612956 0.015625 0.026693
0 0.350586 0.583333 0.013672 0.022135
0 0.357666 0.604167 0.020996 0.032552
0 0.357422 0.652344 0.019531 0.035156
0 0.340088 0.775391 0.025879 0.036458
0 0.308838 0.871419 0.025879 0.037109
0 0.326172 0.916667 0.020508 0.037760
0 0.317627 0.892253 0.025879 0.042318
0 0.313721 0.938477 0.024902 0.037109
0 0.352295 0.899740 0.029785 0.036458
0 0.341797 0.855794 0.024414 0.034505
0 0.373047 0.874023 0.017578 0.038411
0 0.372803 0.833984 0.021973 0.028646
0 0.367188 0.810872 0.020508 0.024089
0 0.319336 0.740234 0.013672 0.020833
0 0.348633 0.802409 0.019531 0.026693
0 0.367920 0.708333 0.014160 0.020833
0 0.348633 0.702148 0.020508 0.025391
0 0.416260 0.847005 0.025879 0.037760
0 0.325928 0.787109 0.023926 0.036458
0 0.406006 0.575195 0.022949 0.041016
0 0.424805 0.616211 0.018555 0.029297
0 0.397461 0.839193 0.017578 0.036458
0 0.397217 0.959961 0.019043 0.033203
0 0.432373 0.928060 0.023926 0.031901
0 0.461670 0.952799 0.023926 0.042318
0 0.468506 0.911133 0.017090 0.027995
0 0.444092 0.839518 0.025879 0.035807
0 0.438965 0.787760 0.029297 0.040365
0 0.472168 0.788411 0.024414 0.035156
0 0.468506 0.754557 0.023926 0.037760
0 0.485840 0.822917 0.018555 0.022135
0 0.451172 0.686849 0.020508 0.031250
0 0.451172 0.659831 0.022461 0.034505
0 0.400879 0.729818 0.029297 0.040365
0 0.421631 0.642904 0.020996 0.031901
0 0.485840 0.627279 0.022461 0.034505
0 0.459961 0.583008 0.024414 0.034505
0 0.423096 0.563477 0.020996 0.042318
0 0.435059 0.527995 0.018555 0.029948
0 0.461670 0.534505 0.025879 0.035156
0 0.506592 0.510091 0.021973 0.033203
0 0.506592 0.488281 0.025879 0.024740
0 0.511963 0.455078 0.023926 0.031250
0 0.442139 0.420898 0.021973 0.026693
0 0.479004 0.416667 0.020508 0.020833
0 0.428223 0.447917 0.017578 0.029948
0 0.412842 0.475911 0.020996 0.028646
0 0.378174 0.456380 0.029785 0.037760
0 0.402588 0.419596 0.022949 0.027995
0 0.494629 0.365900 0.022461 0.033854
0 0.490967 0.330404 0.027832 0.034505
0 0.426758 0.324544 0.022461 0.024089
0 0.399170 0.318359 0.020996 0.027344
0 0.395752 0.290365 0.025879 0.027344
0 0.371338 0.310872 0.017090 0.027995
0 0.315674 0.972005 0.019043 0.027344
0 0.488770 0.664062 0.018555 0.024740
0 0.495850 0.588216 0.024902 0.029297
0 0.553955 0.442057 0.024902 0.037760
0 0.568848 0.388346 0.024414 0.041016
0 0.543701 0.507161 0.025879 0.028646
0 0.552246 0.558919 0.019531 0.025391
0 0.532959 0.635417 0.024902 0.036458
0 0.537598 0.596680 0.017578 0.034505
0 0.552246 0.770833 0.029297 0.033854
0 0.631836 0.765951 0.020508 0.031901
0 0.627930 0.659180 0.026367 0.033203
0 0.640869 0.665365 0.025879 0.037760
0 0.610840 0.575521 0.029297 0.031250
0 0.584717 0.556966 0.025879 0.029297
0 0.633789 0.472005 0.022461 0.035156
0 0.620850 0.291667 0.023926 0.032552
0 0.645996 0.256510 0.026367 0.037760
0 0.600586 0.202148 0.026367 0.025391
0 0.639893 0.543294 0.020020 0.030599
0 0.669922 0.575846 0.022461 0.027995
0 0.669922 0.542969 0.020508 0.033854
0 0.661377 0.507812 0.025879 0.031250
0 0.692139 0.518880 0.024902 0.033854
0 0.708008 0.478516 0.022461 0.026042
0 0.663086 0.408529 0.020508 0.018880
0 0.649658 0.355794 0.020996 0.025391
0 0.593750 0.152669 0.022461 0.031901
0 0.565918 0.164062 0.024414 0.032552
0 0.540039 0.244466 0.025391 0.033203
0 0.740723 0.247070 0.027344 0.025391
0 0.718262 0.345378 0.030273 0.041016
0 0.735840 0.352214 0.022461 0.044271
0 0.720200 0.445312 0.024414 0.036458
0 0.748535 0.585286 0.028320 0.032552
0 0.734131 0.527669 0.025879 0.037109
0 0.677979 0.777018 0.027832 0.039714
0 0.660645 0.978841 0.036133 0.041016
0 0.730225 0.890951 0.027832 0.050130
0 0.765137 0.923503 0.039062 0.050130
0 0.798340 0.783529 0.026367 0.037109
0 0.854248 0.819010 0.029785 0.041667
0 0.829590 0.860352 0.026367 0.042318
0 0.712158 0.655273 0.026855 0.035807
0 0.727051 0.631836 0.026367 0.029297
0 0.683594 0.649740 0.027344 0.040365
0 0.685547 0.588867 0.017578 0.030599
0 0.664795 0.475260 0.024902 0.032552
0 0.750977 0.378906 0.021484 0.029948
0 0.763428 0.289714 0.023926 0.028646
0 0.794922 0.399089 0.027344 0.029948
0 0.784424 0.381510 0.019043 0.028646
0 0.834717 0.365900 0.029785 0.041667
0 0.821045 0.289062 0.024902 0.036458
0 0.706299 0.397135 0.016113 0.022135
0 0.910645 0.412760 0.027344 0.035156
0 0.896729 0.452799 0.030762 0.042318
0 0.935547 0.397135 0.022461 0.036458
0 0.918701 0.297201 0.028809 0.041016
0 0.905762 0.818034 0.037109 0.042318
0 0.770508 0.668945 0.027344 0.039714
0 0.827881 0.462240 0.023926 0.032552
0 0.683594 0.331706 0.021484 0.022786
0 0.689453 0.305339 0.022461 0.028646
0 0.873047 0.316732 0.024414 0.034505
0 0.911133 0.347331 0.027344 0.030599
0 0.855225 0.852865 0.025879 0.042969
0 0.587891 0.680339 0.014648 0.028646
0 0.513916 0.396484 0.018066 0.019531
0 0.537354 0.378906 0.023926 0.028646
0 0.492920 0.838867 0.025879 0.037109
0 0.438477 0.877604 0.018555 0.028646
0 0.522705 0.733398 0.021973 0.044922
0 0.390381 0.784180 0.020996 0.030599
0 0.417725 0.660482 0.016113 0.026693
0 0.445801 0.751953 0.018555 0.026042
0 0.885498 0.886068 0.021973 0.029948
0 0.910889 0.904297 0.026855 0.039062
0 0.708496 0.721354 0.031250 0.033854
0 0.690674 0.720052 0.022949 0.033854
0 0.638428 0.740900 0.025879 0.031250
0 0.730225 0.970378 0.022949 0.034505
0 0.947266 0.485677 0.017578 0.023438
0 0.924316 0.460286 0.016602 0.024740
0 0.940918 0.333659 0.034180 0.034505
