0 0.370443 0.079912 0.136719 0.107038
0 0.218750 0.158358 0.104167 0.108504
0 0.667969 0.279326 0.153646 0.148094
0 0.564453 0.173021 0.097656 0.123167
0 0.051432 0.238270 0.100260 0.109971
0 0.096354 0.051320 0.127604 0.099707
0 0.190755 0.058651 0.113281 0.099707
0 0.350260 0.394428 0.093750 0.099707
0 0.264974 0.429619 0.118490 0.123167
0 0.432943 0.414956 0.105469 0.105572
0 0.546875 0.477273 0.109375 0.121701
0 0.138672 0.870968 0.118490 0.085044
0 0.042318 0.558651 0.082031 0.131965
0 0.133464 0.579179 0.076823 0.079179
0 0.270182 0.563783 0.110677 0.104106
0 0.355469 0.607038 0.080729 0.093842
0 0.243490 0.281525 0.059896 0.064516
0 0.287760 0.200147 0.093750 0.092375
0 0.526693 0.052053 0.175781 0.101173
0 0.779948 0.100440 0.114583 0.115836
0 0.695964 0.190616 0.134115 0.137830
0 0.891927 0.377566 0.091146 0.095308
0 0.189453 0.697947 0.095052 0.076246
0 0.577474 0.298387 0.110677 0.098240
0 0.396484 0.549853 0.092448 0.073314
0 0.839193 0.157625 0.123698 0.092375
0 0.651042 0.430352 0.072917 0.071848
