0 0.629557 0.920088 0.136719 0.107038
0 0.781250 0.841642 0.104167 0.108504
0 0.332031 0.720674 0.153646 0.148094
0 0.435547 0.826979 0.097656 0.123167
0 0.948568 0.761730 0.100260 0.109971
0 0.903646 0.948680 0.127604 0.099707
0 0.809245 0.941349 0.113281 0.099707
0 0.649740 0.605572 0.093750 0.099707
0 0.735026 0.570381 0.118490 0.123167
0 0.567057 0.585044 0.105469 0.105572
0 0.453125 0.522727 0.109375 0.121701
0 0.861328 0.129032 0.118490 0.085044
0 0.957682 0.441349 0.082031 0.131965
0 0.866536 0.420821 0.076823 0.079179
0 0.729818 0.436217 0.110677 0.104106
0 0.644531 0.392962 0.080729 0.093842
0 0.756510 0.718475 0.059896 0.064516
0 0.712240 0.799853 0.093750 0.092375
0 0.473307 0.947947 0.175781 0.101173
0 0.220052 0.899560 0.114583 0.115836
0 0.304036 0.809384 0.134115 0.137830
0 0.108073 0.622434 0.091146 0.095308
0 0.810547 0.302053 0.095052 0.076246
0 0.422526 0.701613 0.110677 0.098240
0 0.603516 0.450147 0.092448 0.073314
0 0.160807 0.842375 0.123698 0.092375
0 0.348958 0.569648 0.072917 0.071848
