0 0.920088 0.370443 0.107038 0.136719
0 0.841642 0.218750 0.108504 0.104167
0 0.720674 0.667969 0.148094 0.153646
0 0.826979 0.564453 0.123167 0.097656
0 0.761730 0.051432 0.109971 0.100260
0 0.948680 0.096354 0.099707 0.127604
0 0.941349 0.190755 0.099707 0.113281
0 0.605572 0.350260 0.099707 0.093750
0 0.570381 0.264974 0.123167 0.118490
0 0.585044 0.432943 0.105572 0.105469
0 0.522727 0.546875 0.121701 0.109375
0 0.129032 0.138672 0.085044 0.118490
0 0.441349 0.042318 0.131965 0.082031
0 0.420821 0.133464 0.079179 0.076823
0 0.436217 0.270182 0.104106 0.110677
0 0.392962 0.355469 0.093842 0.080729
0 0.718475 0.243490 0.064516 0.059896
0 0.799853 0.287760 0.092375 0.093750
0 0.947947 0.526693 0.101173 0.175781
0 0.899560 0.779948 0.115836 0.114583
0 0.809384 0.695964 0.137830 0.134115
0 0.622434 0.891927 0.095308 0.091146
0 0.302053 0.189453 0.076246 0.095052
0 0.701613 0.577474 0.098240 0.110677
0 0.450147 0.396484 0.073314 0.092448
0 0.842375 0.839193 0.092375 0.123698
0 0.569648 0.651042 0.071848 0.072917
