0 0.238281 0.271994 0.148438 0.151026
0 0.358724 0.104839 0.123698 0.130499
0 0.089193 0.228739 0.105469 0.082111
0 0.064453 0.049120 0.118490 0.095308
0 0.598958 0.099707 0.164062 0.175953
0 0.705729 0.216276 0.119792 0.142229
0 0.766927 0.126100 0.140625 0.131965
0 0.809245 0.359971 0.108073 0.121701
0 0.836589 0.484604 0.118490 0.127566
0 0.836589 0.228739 0.115885 0.134897
0 0.805339 0.052053 0.115885 0.101173
0 0.884766 0.126100 0.100260 0.111437
0 0.423177 0.226540 0.080729 0.086510
0 0.458984 0.343109 0.084635 0.085044
0 0.234375 0.413490 0.122396 0.111437
0 0.118490 0.328446 0.083333 0.090909
0 0.059896 0.524194 0.088542 0.101173
0 0.136068 0.473607 0.063802 0.082111
0 0.187500 0.566716 0.093750 0.092375
0 0.410156 0.431818 0.148438 0.130499
0 0.424479 0.548387 0.140625 0.152493
0 0.581380 0.572581 0.128906 0.151026
0 0.508464 0.670821 0.121094 0.121701
0 0.608073 0.696481 0.122396 0.105572
0 0.602865 0.798387 0.138021 0.136364
0 0.705729 0.828446 0.143229 0.111437
0 0.285156 0.669355 0.130208 0.142229
0 0.358073 0.945748 0.111979 0.096774
0 0.719401 0.664223 0.079427 0.090909
0 0.702474 0.509531 0.126302 0.107038
0 0.836589 0.630499 0.100260 0.099707
0 0.920573 0.627566 0.106771 0.134897
0 0.904948 0.754399 0.104167 0.095308
0 0.773438 0.724340 0.111979 0.126100
0 0.824870 0.919355 0.061198 0.058651
0 0.759115 0.950147 0.078125 0.073314
0 0.618490 0.944282 0.125000 0.099707
0 0.270833 0.797654 0.119792 0.120235
0 0.156250 0.064516 0.072917 0.070381
0 0.907552 0.849707 0.111979 0.107038
0 0.845703 0.849707 0.097656 0.086510
0 0.567708 0.362170 0.093750 0.114370
0 0.054036 0.149560 0.079427 0.090909
0 0.100260 0.180352 0.096354 0.108504
