0 0.761719 0.728006 0.148438 0.151026
0 0.641276 0.895161 0.123698 0.130499
0 0.910807 0.771261 0.105469 0.082111
0 0.935547 0.950880 0.118490 0.095308
0 0.401042 0.900293 0.164062 0.175953
0 0.294271 0.783724 0.119792 0.142229
0 0.233073 0.873900 0.140625 0.131965
0 0.190755 0.640029 0.108073 0.121701
0 0.163411 0.515396 0.118490 0.127566
0 0.163411 0.771261 0.115885 0.134897
0 0.194661 0.947947 0.115885 0.101173
0 0.115234 0.873900 0.100260 0.111437
0 0.576823 0.773460 0.080729 0.086510
0 0.541016 0.656891 0.084635 0.085044
0 0.765625 0.586510 0.122396 0.111437
0 0.881510 0.671554 0.083333 0.090909
0 0.940104 0.475806 0.088542 0.101173
0 0.863932 0.526393 0.063802 0.082111
0 0.812500 0.433284 0.093750 0.092375
0 0.589844 0.568182 0.148438 0.130499
0 0.575521 0.451613 0.140625 0.152493
0 0.418620 0.427419 0.128906 0.151026
0 0.491536 0.329179 0.121094 0.121701
0 0.391927 0.303519 0.122396 0.105572
0 0.397135 0.201613 0.138021 0.136364
0 0.294271 0.171554 0.143229 0.111437
0 0.714844 0.330645 0.130208 0.142229
0 0.641927 0.054252 0.111979 0.096774
0 0.280599 0.335777 0.079427 0.090909
0 0.297526 0.490469 0.126302 0.107038
0 0.163411 0.369501 0.100260 0.099707
0 0.079427 0.372434 0.106771 0.134897
0 0.095052 0.245601 0.104167 0.095308
0 0.226562 0.275660 0.111979 0.126100
0 0.175130 0.080645 0.061198 0.058651
0 0.240885 0.049853 0.078125 0.073314
0 0.381510 0.055718 0.125000 0.099707
0 0.729167 0.202346 0.119792 0.120235
0 0.843750 0.935484 0.072917 0.070381
0 0.092448 0.150293 0.111979 0.107038
0 0.154297 0.150293 0.097656 0.086510
0 0.432292 0.637830 0.093750 0.114370
0 0.945964 0.850440 0.079427 0.090909
0 0.899740 0.819648 0.096354 0.108504
