0 0.728516 0.943548 0.118490 0.109971
0 0.613932 0.939150 0.128906 0.118768
0 0.675130 0.719941 0.095052 0.099707
0 0.398438 0.902493 0.119792 0.127566
0 0.181641 0.840176 0.123698 0.114370
0 0.811198 0.563050 0.109375 0.105572
0 0.723307 0.611437 0.084635 0.111437
0 0.694010 0.486070 0.083333 0.104106
0 0.610677 0.356305 0.096354 0.099707
0 0.765625 0.246334 0.088542 0.111437
0 0.942708 0.221408 0.109375 0.158358
0 0.839844 0.122434 0.117188 0.118768
0 0.281901 0.260997 0.131510 0.134897
0 0.430339 0.348240 0.100260 0.095308
0 0.806641 0.708211 0.063802 0.064516
0 0.661458 0.212610 0.106771 0.099707
0 0.943359 0.870235 0.110677 0.092375
