0 0.271484 0.056452 0.118490 0.109971
0 0.386068 0.060850 0.128906 0.118768
0 0.324870 0.280059 0.095052 0.099707
0 0.601562 0.097507 0.119792 0.127566
0 0.818359 0.159824 0.123698 0.114370
0 0.188802 0.436950 0.109375 0.105572
0 0.276693 0.388563 0.084635 0.111437
0 0.305990 0.513930 0.083333 0.104106
0 0.389323 0.643695 0.096354 0.099707
0 0.234375 0.753666 0.088542 0.111437
0 0.057292 0.778592 0.109375 0.158358
0 0.160156 0.877566 0.117188 0.118768
0 0.718099 0.739003 0.131510 0.134897
0 0.569661 0.651760 0.100260 0.095308
0 0.193359 0.291789 0.063802 0.064516
0 0.338542 0.787390 0.106771 0.099707
0 0.056641 0.129765 0.110677 0.092375
