0 0.492839 0.219941 0.134115 0.146628
0 0.660807 0.263930 0.095052 0.131965
0 0.158203 0.569648 0.149740 0.171554
0 0.366536 0.510264 0.136719 0.131965
0 0.639323 0.428152 0.117188 0.164223
0 0.729818 0.507331 0.113281 0.143695
0 0.547526 0.667155 0.095052 0.114370
0 0.604167 0.727273 0.117188 0.120235
0 0.787109 0.637830 0.126302 0.120235
0 0.240234 0.370968 0.126302 0.143695
0 0.095052 0.835044 0.122396 0.124633
0 0.773438 0.059384 0.104167 0.115836
0 0.709635 0.895161 0.130208 0.139296
0 0.121094 0.956012 0.153646 0.087977
