0 0.834311 0.223307 0.120235 0.113281
0 0.798387 0.389974 0.112903 0.095052
0 0.925953 0.673177 0.077713 0.098958
0 0.930352 0.482422 0.089443 0.105469
0 0.865836 0.287109 0.089443 0.084635
0 0.655425 0.131510 0.102639 0.104167
0 0.664956 0.802734 0.101173 0.089844
0 0.612170 0.433594 0.074780 0.085938
0 0.515396 0.386719 0.077713 0.091146
0 0.448680 0.749349 0.099707 0.074219
0 0.346041 0.723307 0.108504 0.092448
0 0.288123 0.792969 0.089443 0.083333
0 0.329179 0.307292 0.098240 0.114583
0 0.203079 0.400391 0.086510 0.100260
0 0.127566 0.576172 0.082111 0.074219
0 0.266129 0.102865 0.068915 0.104167
0 0.511730 0.034505 0.073314 0.066406
0 0.617302 0.064453 0.085044 0.087240
0 0.626833 0.964844 0.095308 0.070312
0 0.931818 0.902995 0.074780 0.087240
0 0.442815 0.385417 0.090909 0.085938
0 0.398827 0.466797 0.105572 0.095052
0 0.717009 0.197917 0.076246 0.083333
