0 0.776693 0.834311 0.113281 0.120235
0 0.610026 0.798387 0.095052 0.112903
0 0.326823 0.925953 0.098958 0.077713
0 0.517578 0.930352 0.105469 0.089443
0 0.712891 0.865836 0.084635 0.089443
0 0.868490 0.655425 0.104167 0.102639
0 0.197266 0.664956 0.089844 0.101173
0 0.566406 0.612170 0.085938 0.074780
0 0.613281 0.515396 0.091146 0.077713
0 0.250651 0.448680 0.074219 0.099707
0 0.276693 0.346041 0.092448 0.108504
0 0.207031 0.288123 0.083333 0.089443
0 0.692708 0.329179 0.114583 0.098240
0 0.599609 0.203079 0.100260 0.086510
0 0.423828 0.127566 0.074219 0.082111
0 0.897135 0.266129 0.104167 0.068915
0 0.965495 0.511730 0.066406 0.073314
0 0.935547 0.617302 0.087240 0.085044
0 0.035156 0.626833 0.070312 0.095308
0 0.097005 0.931818 0.087240 0.074780
0 0.614583 0.442815 0.085938 0.090909
0 0.533203 0.398827 0.095052 0.105572
0 0.802083 0.717009 0.083333 0.076246
