0 0.131232 0.588542 0.104106 0.096354
0 0.079179 0.795573 0.085044 0.093750
0 0.126833 0.896484 0.054252 0.053385
0 0.096774 0.956380 0.087977 0.079427
0 0.111437 0.310547 0.070381 0.082031
0 0.035924 0.373698 0.068915 0.075521
0 0.057918 0.262370 0.068915 0.061198
0 0.127566 0.042969 0.105572 0.083333
0 0.275660 0.473958 0.117302 0.111979
0 0.461877 0.717448 0.123167 0.106771
0 0.185484 0.695312 0.080645 0.083333
0 0.521261 0.506510 0.112903 0.104167
0 0.599707 0.593750 0.090909 0.091146
0 0.637097 0.490234 0.080645 0.079427
0 0.540323 0.265625 0.107038 0.104167
0 0.451613 0.226562 0.090909 0.075521
0 0.513930 0.113281 0.089443 0.072917
0 0.605572 0.115885 0.064516 0.080729
0 0.552053 0.893880 0.095308 0.118490
0 0.638563 0.814453 0.071848 0.087240
0 0.739736 0.768880 0.109971 0.100260
0 0.935484 0.715495 0.129032 0.123698
0 0.835777 0.158854 0.102639 0.104167
0 0.716276 0.050781 0.098240 0.072917
0 0.724340 0.151042 0.087977 0.085938
0 0.175953 0.343750 0.079179 0.070312
0 0.373167 0.798177 0.118768 0.125000
0 0.305718 0.291016 0.104106 0.092448
0 0.457478 0.938151 0.093842 0.100260
0 0.626833 0.263021 0.098240 0.096354
0 0.568182 0.188151 0.071848 0.069010
0 0.448680 0.156250 0.087977 0.080729
0 0.299120 0.198568 0.067449 0.074219
0 0.868768 0.563151 0.098240 0.089844
0 0.892229 0.403646 0.065982 0.070312
0 0.826979 0.261068 0.120235 0.095052
0 0.564516 0.718750 0.079179 0.088542
0 0.367302 0.664714 0.089443 0.102865
0 0.282258 0.782552 0.095308 0.091146
0 0.227273 0.867188 0.096774 0.083333
0 0.379765 0.522786 0.082111 0.087240
0 0.468475 0.617839 0.068915 0.061198
0 0.622434 0.352214 0.095308 0.079427
0 0.796188 0.457682 0.087977 0.071615
0 0.774194 0.628255 0.070381 0.063802
0 0.806452 0.667969 0.087977 0.080729
0 0.906891 0.036458 0.104106 0.072917
0 0.892962 0.152995 0.085044 0.092448
0 0.957478 0.136068 0.085044 0.126302
0 0.052053 0.706380 0.068915 0.069010
0 0.237537 0.654297 0.067449 0.069010
0 0.926686 0.488932 0.076246 0.079427
0 0.335044 0.112630 0.083578 0.071615
0 0.274927 0.110677 0.080645 0.067708
0 0.040323 0.189453 0.077713 0.105469
0 0.429619 0.348958 0.102639 0.078125
0 0.200147 0.098307 0.063050 0.055990
0 0.232405 0.052083 0.068915 0.062500
