1 0.302865 0.525000 0.024479 0.040000
1 0.324219 0.564583 0.035937 0.057500
1 0.481771 0.773750 0.083333 0.117500
1 0.463542 0.318750 0.039583 0.057500
0 0.507812 0.211667 0.026042 0.036667
0 0.438542 0.182500 0.032292 0.056667
0 0.459375 0.268750 0.019792 0.030833
0 0.491927 0.310000 0.034896 0.043333
0 0.473438 0.160833 0.026042 0.048333
0 0.473698 0.247917 0.018229 0.030833
0 0.495312 0.265833 0.022917 0.036667
0 0.547396 0.167083 0.015625 0.029167
0 0.563021 0.175833 0.017708 0.033333
0 0.525260 0.187083 0.025521 0.042500
0 0.538021 0.258750 0.017708 0.025833
0 0.315885 0.464167 0.022396 0.031667
1 0.470313 0.489167 0.076042 0.125000
1 0.305990 0.722917 0.055729 0.100833
1 0.349219 0.791667 0.065104 0.103333
