1 0.200000 0.666406 0.076667 0.051562
1 0.496667 0.691927 0.088333 0.059896
1 0.180000 0.517969 0.100000 0.080729
1 0.785833 0.533594 0.080000 0.053646
1 0.766667 0.481510 0.068333 0.047396
1 0.829167 0.358333 0.048333 0.029167
0 0.660000 0.371875 0.031667 0.026042
0 0.732917 0.355729 0.042500 0.032292
0 0.776667 0.396875 0.041667 0.029167
0 0.799583 0.324219 0.039167 0.024479
0 0.750833 0.309115 0.036667 0.021354
0 0.746667 0.281771 0.051667 0.029167
0 0.801250 0.287500 0.059167 0.040625
0 0.849167 0.320573 0.056667 0.041146
0 0.732917 0.398958 0.032500 0.025000
