1 0.310417 0.243333 0.094792 0.145000
1 0.677865 0.301250 0.098437 0.139167
1 0.301042 0.812500 0.085417 0.110000
0 0.651563 0.821250 0.016667 0.029167
0 0.615625 0.840417 0.016667 0.029167
0 0.648177 0.727917 0.019271 0.024167
0 0.595573 0.742500 0.018229 0.031667
0 0.684896 0.761250 0.016667 0.027500
0 0.618229 0.716250 0.025000 0.030833
0 0.641927 0.777083 0.015104 0.025833
0 0.606250 0.771250 0.019792 0.022500
0 0.631510 0.827083 0.015104 0.032500
0 0.700781 0.757917 0.016146 0.030833
0 0.637240 0.885417 0.013021 0.020833
0 0.641667 0.854583 0.019792 0.034167
0 0.708073 0.797500 0.019271 0.031667
0 0.700000 0.840417 0.014583 0.024167
0 0.718490 0.858333 0.017188 0.025000
