1 0.756667 0.310417 0.145000 0.094792
1 0.698750 0.677865 0.139167 0.098437
1 0.187500 0.301042 0.110000 0.085417
0 0.178750 0.651563 0.029167 0.016667
0 0.159583 0.615625 0.029167 0.016667
0 0.272083 0.648177 0.024167 0.019271
0 0.257500 0.595573 0.031667 0.018229
0 0.238750 0.684896 0.027500 0.016667
0 0.283750 0.618229 0.030833 0.025000
0 0.222917 0.641927 0.025833 0.015104
0 0.228750 0.606250 0.022500 0.019792
0 0.172917 0.631510 0.032500 0.015104
0 0.242083 0.700781 0.030833 0.016146
0 0.114583 0.637240 0.020833 0.013021
0 0.145417 0.641667 0.034167 0.019792
0 0.202500 0.708073 0.031667 0.019271
0 0.159583 0.700000 0.024167 0.014583
0 0.141667 0.718490 0.025000 0.017188
