1 0.800000 0.333594 0.076667 0.051562
1 0.503333 0.308073 0.088333 0.059896
1 0.820000 0.482031 0.100000 0.080729
1 0.214167 0.466406 0.080000 0.053646
1 0.233333 0.518490 0.068333 0.047396
1 0.170833 0.641667 0.048333 0.029167
0 0.340000 0.628125 0.031667 0.026042
0 0.267083 0.644271 0.042500 0.032292
0 0.223333 0.603125 0.041667 0.029167
0 0.200417 0.675781 0.039167 0.024479
0 0.249167 0.690885 0.036667 0.021354
0 0.253333 0.718229 0.051667 0.029167
0 0.198750 0.712500 0.059167 0.040625
0 0.150833 0.679427 0.056667 0.041146
0 0.267083 0.601042 0.032500 0.025000
