1 0.510156 0.220000 0.071354 0.096667
1 0.485938 0.753333 0.043750 0.063333
0 0.463021 0.672917 0.061458 0.087500
0 0.485156 0.832917 0.031771 0.044167
0 0.532031 0.828333 0.038021 0.050000
1 0.308854 0.236250 0.022917 0.035833
0 0.332031 0.202500 0.021354 0.033333
0 0.282552 0.221667 0.017188 0.023333
0 0.365885 0.185000 0.023438 0.038333
0 0.347396 0.101667 0.026042 0.045000
0 0.670573 0.536667 0.018229 0.030000
0 0.712240 0.492917 0.019271 0.025833
0 0.639844 0.493750 0.018229 0.029167
0 0.621875 0.517083 0.016667 0.025833
0 0.639062 0.374583 0.017708 0.024167
0 0.627865 0.392500 0.016146 0.021667
0 0.684635 0.418750 0.013021 0.019167
0 0.394792 0.148750 0.019792 0.030833
0 0.677083 0.504167 0.013542 0.021667
0 0.624740 0.539583 0.017188 0.025833
0 0.711458 0.390000 0.016667 0.020000
0 0.727344 0.414583 0.017188 0.027500
0 0.653906 0.460000 0.014063 0.020000
0 0.657031 0.428750 0.011979 0.014167
0 0.697656 0.390000 0.011979 0.021667
0 0.697135 0.510000 0.015104 0.023333
