1 0.489844 0.780000 0.071354 0.096667
1 0.514062 0.246667 0.043750 0.063333
0 0.536979 0.327083 0.061458 0.087500
0 0.514844 0.167083 0.031771 0.044167
0 0.467969 0.171667 0.038021 0.050000
1 0.691146 0.763750 0.022917 0.035833
0 0.667969 0.797500 0.021354 0.033333
0 0.717448 0.778333 0.017188 0.023333
0 0.634115 0.815000 0.023438 0.038333
0 0.652604 0.898333 0.026042 0.045000
0 0.329427 0.463333 0.018229 0.030000
0 0.287760 0.507083 0.019271 0.025833
0 0.360156 0.506250 0.018229 0.029167
0 0.378125 0.482917 0.016667 0.025833
0 0.360938 0.625417 0.017708 0.024167
0 0.372135 0.607500 0.016146 0.021667
0 0.315365 0.581250 0.013021 0.019167
0 0.605208 0.851250 0.019792 0.030833
0 0.322917 0.495833 0.013542 0.021667
0 0.375260 0.460417 0.017188 0.025833
0 0.288542 0.610000 0.016667 0.020000
0 0.272656 0.585417 0.017188 0.027500
0 0.346094 0.540000 0.014063 0.020000
0 0.342969 0.571250 0.011979 0.014167
0 0.302344 0.610000 0.011979 0.021667
0 0.302865 0.490000 0.015104 0.023333
