1 0.242917 0.334375 0.120833 0.078125
1 0.503333 0.500260 0.040000 0.036979
1 0.753333 0.336458 0.140000 0.104167
0 0.464583 0.551563 0.034167 0.021875
0 0.601667 0.531771 0.046667 0.031250
0 0.474167 0.527344 0.026667 0.020313
0 0.410000 0.561979 0.038333 0.021875
0 0.435417 0.538021 0.027500 0.018750
0 0.528333 0.457292 0.038333 0.025000
1 0.794167 0.669531 0.185000 0.133854
0 0.692917 0.357031 0.057500 0.042188
0 0.820417 0.278125 0.074167 0.035417
1 0.512083 0.288281 0.082500 0.045312
1 0.513750 0.395312 0.035833 0.027083
0 0.510417 0.335417 0.032500 0.023958
1 0.512083 0.362240 0.039167 0.026562
