1 0.333594 0.200000 0.051562 0.076667
1 0.308073 0.496667 0.059896 0.088333
1 0.482031 0.180000 0.080729 0.100000
1 0.466406 0.785833 0.053646 0.080000
1 0.518490 0.766667 0.047396 0.068333
1 0.641667 0.829167 0.029167 0.048333
0 0.628125 0.660000 0.026042 0.031667
0 0.644271 0.732917 0.032292 0.042500
0 0.603125 0.776667 0.029167 0.041667
0 0.675781 0.799583 0.024479 0.039167
0 0.690885 0.750833 0.021354 0.036667
0 0.718229 0.746667 0.029167 0.051667
0 0.712500 0.801250 0.040625 0.059167
0 0.679427 0.849167 0.041146 0.056667
0 0.601042 0.732917 0.025000 0.032500
