1 0.310937 0.266667 0.046875 0.065000
1 0.336458 0.196667 0.062500 0.103333
1 0.366406 0.258750 0.055729 0.117500
1 0.698437 0.516667 0.040625 0.065000
1 0.512760 0.515000 0.032813 0.045000
1 0.720833 0.829583 0.063542 0.094167
1 0.645052 0.849167 0.072396 0.095000
0 0.303385 0.789583 0.032813 0.050833
0 0.302604 0.740000 0.019792 0.033333
0 0.277083 0.736250 0.021875 0.030833
1 0.655208 0.529167 0.045833 0.065000
1 0.628906 0.495417 0.023438 0.055833
0 0.283594 0.831250 0.036979 0.055833
0 0.327344 0.836250 0.034896 0.044167
0 0.367969 0.875417 0.030729 0.035833
0 0.373177 0.837500 0.035937 0.055000
0 0.366667 0.517083 0.018750 0.029167
0 0.346875 0.519583 0.021875 0.029167
0 0.374740 0.541667 0.017188 0.026667
