1 0.318490 0.282917 0.047396 0.062500
1 0.509115 0.287083 0.064062 0.132500
1 0.506510 0.773750 0.025521 0.042500
1 0.484115 0.833750 0.040104 0.052500
1 0.660417 0.562083 0.021875 0.027500
1 0.324740 0.520833 0.059896 0.110000
0 0.362500 0.271250 0.040625 0.072500
0 0.609115 0.367083 0.026562 0.042500
1 0.299740 0.785833 0.040104 0.065000
0 0.272656 0.741667 0.044271 0.091667
0 0.389844 0.802500 0.028646 0.068333
1 0.351042 0.768750 0.062500 0.084167
0 0.655208 0.256250 0.022917 0.027500
0 0.708073 0.279583 0.021354 0.035833
0 0.346094 0.201250 0.018229 0.035833
0 0.365625 0.178333 0.016667 0.025000
