1 0.212917 0.336458 0.204167 0.116667
1 0.742500 0.498437 0.120000 0.086458
0 0.686667 0.386458 0.068333 0.047917
0 0.703750 0.329688 0.069167 0.047917
0 0.839167 0.345833 0.070000 0.045833
0 0.771250 0.309115 0.052500 0.044271
0 0.595417 0.684115 0.034167 0.025521
0 0.407083 0.724740 0.032500 0.021354
0 0.404583 0.673958 0.029167 0.018750
1 0.412500 0.627865 0.036667 0.024479
0 0.377917 0.625521 0.022500 0.016667
0 0.432083 0.668490 0.029167 0.022396
0 0.444167 0.649740 0.025000 0.015104
0 0.483333 0.631771 0.033333 0.020833
0 0.422083 0.688281 0.024167 0.014063
0 0.516250 0.665625 0.034167 0.021875
0 0.541250 0.680469 0.032500 0.022396
1 0.536667 0.702344 0.033333 0.022396
0 0.490833 0.683854 0.028333 0.020833
0 0.477500 0.697396 0.023333 0.015625
0 0.542083 0.626302 0.027500 0.018229
0 0.525000 0.643750 0.018333 0.011458
0 0.574583 0.627604 0.020833 0.013542
0 0.555000 0.601562 0.023333 0.011458
0 0.760417 0.385677 0.067500 0.049479
0 0.801250 0.364844 0.062500 0.034896
1 0.442500 0.320052 0.030000 0.020313
1 0.445833 0.361719 0.036667 0.026562
1 0.490417 0.336198 0.024167 0.025521
