1 0.220000 0.489844 0.096667 0.071354
1 0.753333 0.514062 0.063333 0.043750
0 0.672917 0.536979 0.087500 0.061458
0 0.832917 0.514844 0.044167 0.031771
0 0.828333 0.467969 0.050000 0.038021
1 0.236250 0.691146 0.035833 0.022917
0 0.202500 0.667969 0.033333 0.021354
0 0.221667 0.717448 0.023333 0.017188
0 0.185000 0.634115 0.038333 0.023438
0 0.101667 0.652604 0.045000 0.026042
0 0.536667 0.329427 0.030000 0.018229
0 0.492917 0.287760 0.025833 0.019271
0 0.493750 0.360156 0.029167 0.018229
0 0.517083 0.378125 0.025833 0.016667
0 0.374583 0.360938 0.024167 0.017708
0 0.392500 0.372135 0.021667 0.016146
0 0.418750 0.315365 0.019167 0.013021
0 0.148750 0.605208 0.030833 0.019792
0 0.504167 0.322917 0.021667 0.013542
0 0.539583 0.375260 0.025833 0.017188
0 0.390000 0.288542 0.020000 0.016667
0 0.414583 0.272656 0.027500 0.017188
0 0.460000 0.346094 0.020000 0.014063
0 0.428750 0.342969 0.014167 0.011979
0 0.390000 0.302344 0.021667 0.011979
0 0.510000 0.302865 0.023333 0.015104
