1 0.780000 0.510156 0.096667 0.071354
1 0.246667 0.485938 0.063333 0.043750
0 0.327083 0.463021 0.087500 0.061458
0 0.167083 0.485156 0.044167 0.031771
0 0.171667 0.532031 0.050000 0.038021
1 0.763750 0.308854 0.035833 0.022917
0 0.797500 0.332031 0.033333 0.021354
0 0.778333 0.282552 0.023333 0.017188
0 0.815000 0.365885 0.038333 0.023438
0 0.898333 0.347396 0.045000 0.026042
0 0.463333 0.670573 0.030000 0.018229
0 0.507083 0.712240 0.025833 0.019271
0 0.506250 0.639844 0.029167 0.018229
0 0.482917 0.621875 0.025833 0.016667
0 0.625417 0.639062 0.024167 0.017708
0 0.607500 0.627865 0.021667 0.016146
0 0.581250 0.684635 0.019167 0.013021
0 0.851250 0.394792 0.030833 0.019792
0 0.495833 0.677083 0.021667 0.013542
0 0.460417 0.624740 0.025833 0.017188
0 0.610000 0.711458 0.020000 0.016667
0 0.585417 0.727344 0.027500 0.017188
0 0.540000 0.653906 0.020000 0.014063
0 0.571250 0.657031 0.014167 0.011979
0 0.610000 0.697656 0.021667 0.011979
0 0.490000 0.697135 0.023333 0.015104
