1 0.282917 0.681510 0.062500 0.047396
1 0.287083 0.490885 0.132500 0.064062
1 0.773750 0.493490 0.042500 0.025521
1 0.833750 0.515885 0.052500 0.040104
1 0.562083 0.339583 0.027500 0.021875
1 0.520833 0.675260 0.110000 0.059896
0 0.271250 0.637500 0.072500 0.040625
0 0.367083 0.390885 0.042500 0.026562
1 0.785833 0.700260 0.065000 0.040104
0 0.741667 0.727344 0.091667 0.044271
0 0.802500 0.610156 0.068333 0.028646
1 0.768750 0.648958 0.084167 0.062500
0 0.256250 0.344792 0.027500 0.022917
0 0.279583 0.291927 0.035833 0.021354
0 0.201250 0.653906 0.035833 0.018229
0 0.178333 0.634375 0.025000 0.016667
