1 0.334375 0.757083 0.078125 0.120833
1 0.500260 0.496667 0.036979 0.040000
1 0.336458 0.246667 0.104167 0.140000
0 0.551563 0.535417 0.021875 0.034167
0 0.531771 0.398333 0.031250 0.046667
0 0.527344 0.525833 0.020313 0.026667
0 0.561979 0.590000 0.021875 0.038333
0 0.538021 0.564583 0.018750 0.027500
0 0.457292 0.471667 0.025000 0.038333
1 0.669531 0.205833 0.133854 0.185000
0 0.357031 0.307083 0.042188 0.057500
0 0.278125 0.179583 0.035417 0.074167
1 0.288281 0.487917 0.045312 0.082500
1 0.395312 0.486250 0.027083 0.035833
0 0.335417 0.489583 0.023958 0.032500
1 0.362240 0.487917 0.026562 0.039167
