1 0.717083 0.318490 0.062500 0.047396
1 0.712917 0.509115 0.132500 0.064062
1 0.226250 0.506510 0.042500 0.025521
1 0.166250 0.484115 0.052500 0.040104
1 0.437917 0.660417 0.027500 0.021875
1 0.479167 0.324740 0.110000 0.059896
0 0.728750 0.362500 0.072500 0.040625
0 0.632917 0.609115 0.042500 0.026562
1 0.214167 0.299740 0.065000 0.040104
0 0.258333 0.272656 0.091667 0.044271
0 0.197500 0.389844 0.068333 0.028646
1 0.231250 0.351042 0.084167 0.062500
0 0.743750 0.655208 0.027500 0.022917
0 0.720417 0.708073 0.035833 0.021354
0 0.798750 0.346094 0.035833 0.018229
0 0.821667 0.365625 0.025000 0.016667
