1 0.666406 0.800000 0.051562 0.076667
1 0.691927 0.503333 0.059896 0.088333
1 0.517969 0.820000 0.080729 0.100000
1 0.533594 0.214167 0.053646 0.080000
1 0.481510 0.233333 0.047396 0.068333
1 0.358333 0.170833 0.029167 0.048333
0 0.371875 0.340000 0.026042 0.031667
0 0.355729 0.267083 0.032292 0.042500
0 0.396875 0.223333 0.029167 0.041667
0 0.324219 0.200417 0.024479 0.039167
0 0.309115 0.249167 0.021354 0.036667
0 0.281771 0.253333 0.029167 0.051667
0 0.287500 0.198750 0.040625 0.059167
0 0.320573 0.150833 0.041146 0.056667
0 0.398958 0.267083 0.025000 0.032500
