1 0.496354 0.753750 0.080208 0.110833
1 0.500781 0.214583 0.076563 0.119167
1 0.346615 0.478333 0.072396 0.108333
1 0.384635 0.285000 0.024479 0.036667
1 0.357292 0.291667 0.028125 0.038333
1 0.325781 0.283333 0.028646 0.045000
1 0.277083 0.241667 0.020833 0.035000
1 0.323958 0.226667 0.027083 0.045000
1 0.370833 0.245000 0.027083 0.041667
1 0.400260 0.252500 0.018229 0.028333
1 0.385156 0.154583 0.023438 0.032500
1 0.355208 0.179583 0.019792 0.030833
1 0.284635 0.192917 0.027604 0.037500
1 0.402083 0.196250 0.021875 0.044167
1 0.349479 0.116667 0.026042 0.038333
1 0.276042 0.127083 0.032292 0.059167
