1 0.753750 0.503646 0.110833 0.080208
1 0.214583 0.499219 0.119167 0.076563
1 0.478333 0.653385 0.108333 0.072396
1 0.285000 0.615365 0.036667 0.024479
1 0.291667 0.642708 0.038333 0.028125
1 0.283333 0.674219 0.045000 0.028646
1 0.241667 0.722917 0.035000 0.020833
1 0.226667 0.676042 0.045000 0.027083
1 0.245000 0.629167 0.041667 0.027083
1 0.252500 0.599740 0.028333 0.018229
1 0.154583 0.614844 0.032500 0.023438
1 0.179583 0.644792 0.030833 0.019792
1 0.192917 0.715365 0.037500 0.027604
1 0.196250 0.597917 0.044167 0.021875
1 0.116667 0.650521 0.038333 0.026042
1 0.127083 0.723958 0.059167 0.032292
