1 0.246250 0.496354 0.110833 0.080208
1 0.785417 0.500781 0.119167 0.076563
1 0.521667 0.346615 0.108333 0.072396
1 0.715000 0.384635 0.036667 0.024479
1 0.708333 0.357292 0.038333 0.028125
1 0.716667 0.325781 0.045000 0.028646
1 0.758333 0.277083 0.035000 0.020833
1 0.773333 0.323958 0.045000 0.027083
1 0.755000 0.370833 0.041667 0.027083
1 0.747500 0.400260 0.028333 0.018229
1 0.845417 0.385156 0.032500 0.023438
1 0.820417 0.355208 0.030833 0.019792
1 0.807083 0.284635 0.037500 0.027604
1 0.803750 0.402083 0.044167 0.021875
1 0.883333 0.349479 0.038333 0.026042
1 0.872917 0.276042 0.059167 0.032292
