1 0.690885 0.755000 0.089063 0.146667
1 0.319792 0.693333 0.096875 0.153333
1 0.696354 0.187083 0.079167 0.112500
1 0.507031 0.727500 0.047396 0.081667
1 0.306250 0.438333 0.052083 0.083333
0 0.349479 0.178750 0.017708 0.029167
0 0.326302 0.162917 0.019271 0.022500
0 0.314583 0.238750 0.014583 0.027500
0 0.351302 0.272083 0.017188 0.024167
0 0.389844 0.245833 0.017188 0.023333
0 0.357812 0.222500 0.013542 0.021667
0 0.292708 0.201667 0.019792 0.036667
0 0.368490 0.173750 0.016146 0.027500
0 0.384896 0.160417 0.013542 0.020833
0 0.404427 0.253333 0.018229 0.031667
0 0.357552 0.143333 0.018229 0.026667
0 0.363021 0.114167 0.013542 0.020000
0 0.300521 0.158333 0.014583 0.023333
0 0.383594 0.285417 0.024479 0.029167
0 0.325521 0.110833 0.017708 0.020000
