1 0.309115 0.245000 0.089063 0.146667
1 0.680208 0.306667 0.096875 0.153333
1 0.303646 0.812917 0.079167 0.112500
1 0.492969 0.272500 0.047396 0.081667
1 0.693750 0.561667 0.052083 0.083333
0 0.650521 0.821250 0.017708 0.029167
0 0.673698 0.837083 0.019271 0.022500
0 0.685417 0.761250 0.014583 0.027500
0 0.648698 0.727917 0.017188 0.024167
0 0.610156 0.754167 0.017188 0.023333
0 0.642188 0.777500 0.013542 0.021667
0 0.707292 0.798333 0.019792 0.036667
0 0.631510 0.826250 0.016146 0.027500
0 0.615104 0.839583 0.013542 0.020833
0 0.595573 0.746667 0.018229 0.031667
0 0.642448 0.856667 0.018229 0.026667
0 0.636979 0.885833 0.013542 0.020000
0 0.699479 0.841667 0.014583 0.023333
0 0.616406 0.714583 0.024479 0.029167
0 0.674479 0.889167 0.017708 0.020000
