1 0.755000 0.309115 0.146667 0.089063
1 0.693333 0.680208 0.153333 0.096875
1 0.187083 0.303646 0.112500 0.079167
1 0.727500 0.492969 0.081667 0.047396
1 0.438333 0.693750 0.083333 0.052083
0 0.178750 0.650521 0.029167 0.017708
0 0.162917 0.673698 0.022500 0.019271
0 0.238750 0.685417 0.027500 0.014583
0 0.272083 0.648698 0.024167 0.017188
0 0.245833 0.610156 0.023333 0.017188
0 0.222500 0.642188 0.021667 0.013542
0 0.201667 0.707292 0.036667 0.019792
0 0.173750 0.631510 0.027500 0.016146
0 0.160417 0.615104 0.020833 0.013542
0 0.253333 0.595573 0.031667 0.018229
0 0.143333 0.642448 0.026667 0.018229
0 0.114167 0.636979 0.020000 0.013542
0 0.158333 0.699479 0.023333 0.014583
0 0.285417 0.616406 0.029167 0.024479
0 0.110833 0.674479 0.020000 0.017708
