1 0.457083 0.344271 0.147500 0.104167
1 0.452500 0.499219 0.100000 0.054688
1 0.485000 0.669792 0.095000 0.062500
1 0.755833 0.515365 0.156667 0.110937
1 0.727500 0.342969 0.145000 0.092188
1 0.749583 0.690365 0.135833 0.095312
1 0.193333 0.506771 0.220000 0.123958
1 0.195833 0.310156 0.076667 0.055729
0 0.375417 0.507031 0.059167 0.040104
0 0.650833 0.662500 0.081667 0.062500
0 0.654583 0.613021 0.074167 0.052083
0 0.535417 0.605990 0.079167 0.045312
0 0.422083 0.671875 0.075833 0.045833
0 0.667500 0.489844 0.115000 0.083854
0 0.808750 0.441667 0.077500 0.040625
0 0.548333 0.279948 0.081667 0.058854
0 0.666250 0.290625 0.110833 0.080208
0 0.703750 0.598437 0.087500 0.033333
