1 0.662240 0.159167 0.041146 0.065000
1 0.315885 0.411667 0.048438 0.070000
0 0.693490 0.165417 0.025521 0.045833
0 0.710938 0.107083 0.038542 0.062500
0 0.664323 0.071250 0.034896 0.052500
1 0.641146 0.342917 0.027083 0.034167
1 0.322656 0.231667 0.019271 0.031667
1 0.375781 0.172917 0.020313 0.032500
1 0.373958 0.107917 0.018750 0.034167
1 0.361719 0.239167 0.018229 0.025000
1 0.342708 0.239583 0.021875 0.030833
1 0.397135 0.180417 0.020313 0.027500
1 0.276302 0.103333 0.024479 0.030000
1 0.277604 0.222917 0.018750 0.025833
1 0.307031 0.245000 0.017188 0.025000
1 0.375781 0.201667 0.018229 0.030000
1 0.303385 0.055833 0.022396 0.033333
0 0.299740 0.092500 0.019271 0.036667
0 0.282813 0.067917 0.018750 0.030833
