1 0.337760 0.840833 0.041146 0.065000
1 0.684115 0.588333 0.048438 0.070000
0 0.306510 0.834583 0.025521 0.045833
0 0.289062 0.892917 0.038542 0.062500
0 0.335677 0.928750 0.034896 0.052500
1 0.358854 0.657083 0.027083 0.034167
1 0.677344 0.768333 0.019271 0.031667
1 0.624219 0.827083 0.020313 0.032500
1 0.626042 0.892083 0.018750 0.034167
1 0.638281 0.760833 0.018229 0.025000
1 0.657292 0.760417 0.021875 0.030833
1 0.602865 0.819583 0.020313 0.027500
1 0.723698 0.896667 0.024479 0.030000
1 0.722396 0.777083 0.018750 0.025833
1 0.692969 0.755000 0.017188 0.025000
1 0.624219 0.798333 0.018229 0.030000
1 0.696615 0.944167 0.022396 0.033333
0 0.700260 0.907500 0.019271 0.036667
0 0.717187 0.932083 0.018750 0.030833
