1 0.715833 0.490365 0.065000 0.043229
1 0.718750 0.330990 0.064167 0.040104
1 0.185417 0.314063 0.149167 0.086458
1 0.449167 0.496094 0.075000 0.042188
1 0.443750 0.694010 0.097500 0.058854
1 0.753750 0.678385 0.062500 0.044271
0 0.432917 0.464062 0.059167 0.037500
0 0.380000 0.521094 0.055000 0.029687
0 0.523333 0.717187 0.068333 0.038542
0 0.499583 0.461198 0.059167 0.043229
0 0.611250 0.615104 0.045833 0.035417
0 0.613750 0.652865 0.040833 0.024479
0 0.807917 0.705208 0.047500 0.028125
0 0.097500 0.354687 0.121667 0.089583
