1 0.509635 0.715833 0.043229 0.065000
1 0.669010 0.718750 0.040104 0.064167
1 0.685937 0.185417 0.086458 0.149167
1 0.503906 0.449167 0.042188 0.075000
1 0.305990 0.443750 0.058854 0.097500
1 0.321615 0.753750 0.044271 0.062500
0 0.535938 0.432917 0.037500 0.059167
0 0.478906 0.380000 0.029687 0.055000
0 0.282813 0.523333 0.038542 0.068333
0 0.538802 0.499583 0.043229 0.059167
0 0.384896 0.611250 0.035417 0.045833
0 0.347135 0.613750 0.024479 0.040833
0 0.294792 0.807917 0.028125 0.047500
0 0.645313 0.097500 0.089583 0.121667
