1 0.490365 0.284167 0.043229 0.065000
1 0.330990 0.281250 0.040104 0.064167
1 0.314063 0.814583 0.086458 0.149167
1 0.496094 0.550833 0.042188 0.075000
1 0.694010 0.556250 0.058854 0.097500
1 0.678385 0.246250 0.044271 0.062500
0 0.464062 0.567083 0.037500 0.059167
0 0.521094 0.620000 0.029687 0.055000
0 0.717187 0.476667 0.038542 0.068333
0 0.461198 0.500417 0.043229 0.059167
0 0.615104 0.388750 0.035417 0.045833
0 0.652865 0.386250 0.024479 0.040833
0 0.705208 0.192083 0.028125 0.047500
0 0.354687 0.902500 0.089583 0.121667
