1 0.230417 0.667187 0.109167 0.068750
1 0.221250 0.510677 0.189167 0.094271
1 0.264167 0.332812 0.105000 0.062500
1 0.499583 0.341406 0.127500 0.091146
1 0.516250 0.495833 0.135833 0.083333
1 0.778750 0.505990 0.112500 0.074479
1 0.788333 0.667708 0.160000 0.112500
0 0.251667 0.732552 0.058333 0.034896
0 0.152917 0.701042 0.052500 0.031250
0 0.138333 0.682812 0.031667 0.027083
0 0.159583 0.654427 0.055833 0.032813
0 0.282917 0.632292 0.047500 0.031250
0 0.330833 0.731510 0.040000 0.026562
0 0.342083 0.608854 0.034167 0.021875
0 0.347083 0.644010 0.029167 0.022396
0 0.436667 0.702865 0.068333 0.033854
1 0.530833 0.681510 0.081667 0.053646
0 0.583333 0.639844 0.045000 0.034896
0 0.508333 0.612240 0.031667 0.025521
0 0.459167 0.621094 0.031667 0.022396
0 0.320833 0.544010 0.055000 0.033854
0 0.587917 0.555208 0.062500 0.047917
0 0.199583 0.390365 0.060833 0.039062
0 0.335417 0.492708 0.067500 0.044792
0 0.138333 0.348437 0.036667 0.038542
0 0.332917 0.282292 0.077500 0.045833
