1 0.667187 0.769583 0.068750 0.109167
1 0.510677 0.778750 0.094271 0.189167
1 0.332812 0.735833 0.062500 0.105000
1 0.341406 0.500417 0.091146 0.127500
1 0.495833 0.483750 0.083333 0.135833
1 0.505990 0.221250 0.074479 0.112500
1 0.667708 0.211667 0.112500 0.160000
0 0.732552 0.748333 0.034896 0.058333
0 0.701042 0.847083 0.031250 0.052500
0 0.682812 0.861667 0.027083 0.031667
0 0.654427 0.840417 0.032813 0.055833
0 0.632292 0.717083 0.031250 0.047500
0 0.731510 0.669167 0.026562 0.040000
0 0.608854 0.657917 0.021875 0.034167
0 0.644010 0.652917 0.022396 0.029167
0 0.702865 0.563333 0.033854 0.068333
1 0.681510 0.469167 0.053646 0.081667
0 0.639844 0.416667 0.034896 0.045000
0 0.612240 0.491667 0.025521 0.031667
0 0.621094 0.540833 0.022396 0.031667
0 0.544010 0.679167 0.033854 0.055000
0 0.555208 0.412083 0.047917 0.062500
0 0.390365 0.800417 0.039062 0.060833
0 0.492708 0.664583 0.044792 0.067500
0 0.348437 0.861667 0.038542 0.036667
0 0.282292 0.667083 0.045833 0.077500
