1 0.332813 0.230417 0.068750 0.109167
1 0.489323 0.221250 0.094271 0.189167
1 0.667188 0.264167 0.062500 0.105000
1 0.658594 0.499583 0.091146 0.127500
1 0.504167 0.516250 0.083333 0.135833
1 0.494010 0.778750 0.074479 0.112500
1 0.332292 0.788333 0.112500 0.160000
0 0.267448 0.251667 0.034896 0.058333
0 0.298958 0.152917 0.031250 0.052500
0 0.317188 0.138333 0.027083 0.031667
0 0.345573 0.159583 0.032813 0.055833
0 0.367708 0.282917 0.031250 0.047500
0 0.268490 0.330833 0.026562 0.040000
0 0.391146 0.342083 0.021875 0.034167
0 0.355990 0.347083 0.022396 0.029167
0 0.297135 0.436667 0.033854 0.068333
1 0.318490 0.530833 0.053646 0.081667
0 0.360156 0.583333 0.034896 0.045000
0 0.387760 0.508333 0.025521 0.031667
0 0.378906 0.459167 0.022396 0.031667
0 0.455990 0.320833 0.033854 0.055000
0 0.444792 0.587917 0.047917 0.062500
0 0.609635 0.199583 0.039062 0.060833
0 0.507292 0.335417 0.044792 0.067500
0 0.651563 0.138333 0.038542 0.036667
0 0.717708 0.332917 0.045833 0.077500
