1 0.347656 0.713333 0.107813 0.111667
1 0.482292 0.246250 0.053125 0.080833
1 0.498437 0.493333 0.019792 0.033333
1 0.523958 0.491667 0.020833 0.030000
1 0.340885 0.235417 0.075521 0.142500
0 0.486458 0.533750 0.023958 0.037500
0 0.546094 0.457083 0.022396 0.034167
0 0.456250 0.550833 0.015625 0.023333
0 0.513281 0.413333 0.013021 0.020000
0 0.483333 0.592083 0.013542 0.019167
0 0.507031 0.530833 0.017188 0.025000
0 0.522135 0.536250 0.011979 0.019167
0 0.560156 0.509583 0.014063 0.022500
0 0.466927 0.436667 0.010937 0.015000
0 0.529427 0.226250 0.056771 0.100833
0 0.559115 0.582917 0.016146 0.022500
0 0.539062 0.588750 0.017708 0.024167
0 0.441406 0.546667 0.015104 0.030000
0 0.471354 0.575000 0.019792 0.026667
