1 0.713333 0.652344 0.111667 0.107813
1 0.246250 0.517708 0.080833 0.053125
1 0.493333 0.501563 0.033333 0.019792
1 0.491667 0.476042 0.030000 0.020833
1 0.235417 0.659115 0.142500 0.075521
0 0.533750 0.513542 0.037500 0.023958
0 0.457083 0.453906 0.034167 0.022396
0 0.550833 0.543750 0.023333 0.015625
0 0.413333 0.486719 0.020000 0.013021
0 0.592083 0.516667 0.019167 0.013542
0 0.530833 0.492969 0.025000 0.017188
0 0.536250 0.477865 0.019167 0.011979
0 0.509583 0.439844 0.022500 0.014063
0 0.436667 0.533073 0.015000 0.010937
0 0.226250 0.470573 0.100833 0.056771
0 0.582917 0.440885 0.022500 0.016146
0 0.588750 0.460938 0.024167 0.017708
0 0.546667 0.558594 0.030000 0.015104
0 0.575000 0.528646 0.026667 0.019792
