1 0.508073 0.802917 0.043229 0.060833
1 0.644792 0.757917 0.050000 0.069167
1 0.679688 0.775417 0.038542 0.057500
1 0.652865 0.265000 0.076563 0.115000
1 0.491667 0.253750 0.073958 0.124167
1 0.319010 0.771667 0.055729 0.101667
0 0.484375 0.725417 0.037500 0.052500
0 0.519271 0.747917 0.041667 0.050833
0 0.551562 0.835000 0.043750 0.080000
0 0.435417 0.749167 0.028125 0.051667
0 0.434635 0.814583 0.047396 0.087500
0 0.322135 0.243333 0.088021 0.125000
1 0.493750 0.587500 0.027083 0.041667
0 0.499479 0.685833 0.029167 0.038333
0 0.434896 0.695417 0.028125 0.045833
