1 0.488750 0.675260 0.175833 0.135937
1 0.223750 0.670312 0.150833 0.100000
1 0.765417 0.514062 0.069167 0.052083
1 0.470417 0.362760 0.052500 0.035937
1 0.747917 0.669010 0.044167 0.032813
0 0.744167 0.709635 0.043333 0.024479
0 0.667083 0.607812 0.042500 0.026042
0 0.671667 0.720313 0.035000 0.025000
0 0.673333 0.703646 0.043333 0.019792
0 0.707500 0.676823 0.031667 0.021354
0 0.783333 0.670573 0.038333 0.031771
0 0.736250 0.641927 0.032500 0.018229
0 0.816250 0.676823 0.050833 0.031771
0 0.811250 0.626823 0.049167 0.029687
0 0.824583 0.721354 0.049167 0.026042
0 0.768333 0.630990 0.043333 0.027604
0 0.847500 0.627604 0.026667 0.020833
0 0.432083 0.331250 0.049167 0.030208
0 0.406250 0.316406 0.032500 0.026562
0 0.444167 0.391927 0.035000 0.026562
0 0.542500 0.395833 0.026667 0.017708
1 0.755833 0.302083 0.053333 0.035417
1 0.690417 0.300521 0.054167 0.030208
1 0.689167 0.330469 0.040000 0.022396
