1 0.470313 0.455417 0.062500 0.084167
1 0.322917 0.759167 0.073958 0.115000
1 0.352865 0.646250 0.067187 0.099167
1 0.492969 0.710417 0.142187 0.220833
1 0.682813 0.721667 0.026042 0.031667
1 0.689063 0.902083 0.020833 0.032500
1 0.699740 0.450000 0.015104 0.018333
0 0.643229 0.753333 0.020833 0.028333
0 0.722396 0.777917 0.019792 0.027500
0 0.605990 0.690000 0.020313 0.023333
0 0.635156 0.792917 0.020313 0.025833
0 0.615365 0.812083 0.021354 0.032500
0 0.651823 0.713750 0.019271 0.024167
0 0.724740 0.812500 0.024479 0.033333
0 0.630990 0.895833 0.024479 0.036667
0 0.603385 0.894167 0.021354 0.028333
