1 0.512240 0.763333 0.044271 0.075000
1 0.654167 0.533750 0.021875 0.032500
0 0.454948 0.813750 0.050521 0.074167
0 0.548698 0.769583 0.035937 0.075833
0 0.284375 0.255000 0.020833 0.033333
0 0.282292 0.177917 0.020833 0.027500
0 0.331510 0.200417 0.018229 0.029167
0 0.356771 0.177500 0.014583 0.026667
0 0.332292 0.225417 0.012500 0.020833
0 0.393229 0.267500 0.013542 0.020000
0 0.396615 0.230417 0.011979 0.017500
0 0.403646 0.194583 0.010417 0.017500
0 0.375521 0.178333 0.015625 0.021667
0 0.376823 0.236250 0.013021 0.022500
0 0.342969 0.263750 0.013021 0.022500
0 0.358333 0.272500 0.014583 0.023333
