1 0.236667 0.512240 0.075000 0.044271
1 0.466250 0.654167 0.032500 0.021875
0 0.186250 0.454948 0.074167 0.050521
0 0.230417 0.548698 0.075833 0.035937
0 0.745000 0.284375 0.033333 0.020833
0 0.822083 0.282292 0.027500 0.020833
0 0.799583 0.331510 0.029167 0.018229
0 0.822500 0.356771 0.026667 0.014583
0 0.774583 0.332292 0.020833 0.012500
0 0.732500 0.393229 0.020000 0.013542
0 0.769583 0.396615 0.017500 0.011979
0 0.805417 0.403646 0.017500 0.010417
0 0.821667 0.375521 0.021667 0.015625
0 0.763750 0.376823 0.022500 0.013021
0 0.736250 0.342969 0.022500 0.013021
0 0.727500 0.358333 0.023333 0.014583
