1 0.487760 0.236667 0.044271 0.075000
1 0.345833 0.466250 0.021875 0.032500
0 0.545052 0.186250 0.050521 0.074167
0 0.451302 0.230417 0.035937 0.075833
0 0.715625 0.745000 0.020833 0.033333
0 0.717708 0.822083 0.020833 0.027500
0 0.668490 0.799583 0.018229 0.029167
0 0.643229 0.822500 0.014583 0.026667
0 0.667708 0.774583 0.012500 0.020833
0 0.606771 0.732500 0.013542 0.020000
0 0.603385 0.769583 0.011979 0.017500
0 0.596354 0.805417 0.010417 0.017500
0 0.624479 0.821667 0.015625 0.021667
0 0.623177 0.763750 0.013021 0.022500
0 0.657031 0.736250 0.013021 0.022500
0 0.641667 0.727500 0.014583 0.023333
