1 0.763333 0.487760 0.075000 0.044271
1 0.533750 0.345833 0.032500 0.021875
0 0.813750 0.545052 0.074167 0.050521
0 0.769583 0.451302 0.075833 0.035937
0 0.255000 0.715625 0.033333 0.020833
0 0.177917 0.717708 0.027500 0.020833
0 0.200417 0.668490 0.029167 0.018229
0 0.177500 0.643229 0.026667 0.014583
0 0.225417 0.667708 0.020833 0.012500
0 0.267500 0.606771 0.020000 0.013542
0 0.230417 0.603385 0.017500 0.011979
0 0.194583 0.596354 0.017500 0.010417
0 0.178333 0.624479 0.021667 0.015625
0 0.236250 0.623177 0.022500 0.013021
0 0.263750 0.657031 0.022500 0.013021
0 0.272500 0.641667 0.023333 0.014583
