1 0.530000 0.500521 0.133333 0.097917
0 0.271667 0.315104 0.063333 0.036458
0 0.307500 0.443490 0.023333 0.016146
0 0.327500 0.473177 0.030000 0.018229
0 0.298750 0.467187 0.024167 0.020833
0 0.276250 0.495833 0.029167 0.016667
0 0.260000 0.513281 0.033333 0.019271
0 0.265000 0.543490 0.026667 0.015104
0 0.185000 0.506771 0.033333 0.017708
0 0.173333 0.519531 0.030000 0.019271
0 0.204583 0.485938 0.029167 0.021875
0 0.196667 0.461458 0.028333 0.016667
0 0.142500 0.436458 0.026667 0.017708
0 0.169167 0.466667 0.023333 0.016667
0 0.223750 0.427083 0.025833 0.016667
0 0.229583 0.454948 0.024167 0.017188
0 0.228333 0.467969 0.028333 0.018229
0 0.209583 0.521094 0.025833 0.018229
0 0.117500 0.484896 0.028333 0.017708
0 0.188750 0.429427 0.025833 0.018229
0 0.271250 0.425000 0.022500 0.013542
0 0.143333 0.467708 0.021667 0.012500
