1 0.499479 0.530000 0.097917 0.133333
0 0.684896 0.271667 0.036458 0.063333
0 0.556510 0.307500 0.016146 0.023333
0 0.526823 0.327500 0.018229 0.030000
0 0.532813 0.298750 0.020833 0.024167
0 0.504167 0.276250 0.016667 0.029167
0 0.486719 0.260000 0.019271 0.033333
0 0.456510 0.265000 0.015104 0.026667
0 0.493229 0.185000 0.017708 0.033333
0 0.480469 0.173333 0.019271 0.030000
0 0.514062 0.204583 0.021875 0.029167
0 0.538542 0.196667 0.016667 0.028333
0 0.563542 0.142500 0.017708 0.026667
0 0.533333 0.169167 0.016667 0.023333
0 0.572917 0.223750 0.016667 0.025833
0 0.545052 0.229583 0.017188 0.024167
0 0.532031 0.228333 0.018229 0.028333
0 0.478906 0.209583 0.018229 0.025833
0 0.515104 0.117500 0.017708 0.028333
0 0.570573 0.188750 0.018229 0.025833
0 0.575000 0.271250 0.013542 0.022500
0 0.532292 0.143333 0.012500 0.021667
