1 0.487083 0.340885 0.057500 0.046354
1 0.192083 0.339583 0.022500 0.020833
0 0.556667 0.673177 0.056667 0.036979
0 0.481250 0.680469 0.049167 0.031771
0 0.598750 0.658854 0.047500 0.035417
0 0.473333 0.626823 0.091667 0.049479
0 0.203750 0.363802 0.027500 0.019271
0 0.272917 0.309375 0.025833 0.016667
0 0.271667 0.296875 0.028333 0.018750
0 0.133333 0.351823 0.016667 0.010937
0 0.182500 0.308594 0.026667 0.014063
0 0.335000 0.277344 0.041667 0.021354
0 0.308750 0.399740 0.017500 0.015104
0 0.283750 0.395312 0.017500 0.010417
0 0.210417 0.406250 0.019167 0.012500
0 0.232917 0.396094 0.015833 0.014063
0 0.235000 0.384896 0.020000 0.009375
0 0.164167 0.333854 0.023333 0.016667
