1 0.340885 0.512917 0.046354 0.057500
1 0.339583 0.807917 0.020833 0.022500
0 0.673177 0.443333 0.036979 0.056667
0 0.680469 0.518750 0.031771 0.049167
0 0.658854 0.401250 0.035417 0.047500
0 0.626823 0.526667 0.049479 0.091667
0 0.363802 0.796250 0.019271 0.027500
0 0.309375 0.727083 0.016667 0.025833
0 0.296875 0.728333 0.018750 0.028333
0 0.351823 0.866667 0.010937 0.016667
0 0.308594 0.817500 0.014063 0.026667
0 0.277344 0.665000 0.021354 0.041667
0 0.399740 0.691250 0.015104 0.017500
0 0.395312 0.716250 0.010417 0.017500
0 0.406250 0.789583 0.012500 0.019167
0 0.396094 0.767083 0.014063 0.015833
0 0.384896 0.765000 0.009375 0.020000
0 0.333854 0.835833 0.016667 0.023333
