1 0.680208 0.497083 0.029167 0.032500
1 0.488802 0.715833 0.022396 0.033333
0 0.644792 0.646250 0.038542 0.075833
0 0.710938 0.434167 0.018750 0.026667
0 0.694010 0.437083 0.015104 0.025833
0 0.658594 0.384583 0.028646 0.040833
0 0.702604 0.395000 0.028125 0.061667
0 0.727865 0.395417 0.022396 0.030833
0 0.655469 0.424167 0.028646 0.041667
0 0.632292 0.430833 0.025000 0.041667
0 0.648698 0.324583 0.030729 0.047500
1 0.288802 0.734583 0.020313 0.030833
1 0.290625 0.706250 0.013542 0.020833
1 0.290365 0.688333 0.013021 0.018333
1 0.287760 0.667500 0.017188 0.023333
1 0.304167 0.739583 0.011458 0.017500
1 0.304688 0.710833 0.011458 0.023333
0 0.615365 0.495000 0.034896 0.038333
