0 0.901693 0.819648 0.102865 0.111437
0 0.641927 0.893695 0.122396 0.130499
0 0.759115 0.728006 0.153646 0.153959
0 0.400391 0.891496 0.165365 0.187683
0 0.936198 0.951613 0.125000 0.093842
0 0.839193 0.936217 0.066406 0.077713
0 0.765625 0.957478 0.096354 0.082111
0 0.718750 0.847507 0.114583 0.140762
0 0.572917 0.776393 0.080729 0.086510
0 0.664714 0.722874 0.126302 0.123167
0 0.233073 0.869501 0.138021 0.146628
0 0.187500 0.940616 0.111979 0.115836
0 0.291667 0.788123 0.122396 0.145161
0 0.171224 0.769062 0.144531 0.148094
0 0.762370 0.585044 0.118490 0.111437
0 0.597005 0.565982 0.152344 0.129032
0 0.585286 0.446481 0.162760 0.153959
0 0.808594 0.435484 0.098958 0.096774
0 0.861979 0.524194 0.078125 0.080645
0 0.940755 0.477273 0.087240 0.104106
0 0.193359 0.640762 0.123698 0.111437
0 0.162760 0.510264 0.114583 0.134897
0 0.300130 0.495601 0.123698 0.114370
0 0.416016 0.425220 0.128906 0.161290
0 0.396484 0.304252 0.136719 0.107038
0 0.397786 0.197214 0.134115 0.142229
0 0.281901 0.335777 0.089844 0.099707
0 0.079427 0.369501 0.114583 0.137830
0 0.386068 0.645894 0.092448 0.104106
0 0.542318 0.659824 0.097656 0.096774
0 0.487630 0.687683 0.089844 0.102639
0 0.498047 0.789589 0.076823 0.092375
0 0.404948 0.786657 0.104167 0.112903
0 0.882161 0.671554 0.095052 0.099707
0 0.905599 0.766862 0.100260 0.082111
0 0.694010 0.455279 0.093750 0.077713
0 0.711589 0.325513 0.136719 0.155425
0 0.488281 0.326979 0.119792 0.126100
0 0.118490 0.871701 0.111979 0.133431
0 0.054688 0.951613 0.109375 0.093842
0 0.164714 0.374633 0.102865 0.098240
0 0.224609 0.274927 0.113281 0.139296
0 0.094401 0.241202 0.108073 0.104106
0 0.967448 0.324047 0.062500 0.105572
0 0.956380 0.425220 0.084635 0.102639
0 0.805990 0.343109 0.117188 0.105572
0 0.727214 0.206745 0.123698 0.114370
0 0.645182 0.054985 0.123698 0.109971
0 0.379557 0.054985 0.136719 0.109971
0 0.298177 0.173754 0.164062 0.121701
0 0.239583 0.049120 0.085938 0.083578
0 0.093099 0.145894 0.123698 0.109971
0 0.151693 0.144428 0.105469 0.092375
0 0.977214 0.101173 0.042969 0.087977
0 0.178385 0.077713 0.065104 0.070381
