0 0.819648 0.098307 0.111437 0.102865
0 0.893695 0.358073 0.130499 0.122396
0 0.728006 0.240885 0.153959 0.153646
0 0.891496 0.599609 0.187683 0.165365
0 0.951613 0.063802 0.093842 0.125000
0 0.936217 0.160807 0.077713 0.066406
0 0.957478 0.234375 0.082111 0.096354
0 0.847507 0.281250 0.140762 0.114583
0 0.776393 0.427083 0.086510 0.080729
0 0.722874 0.335286 0.123167 0.126302
0 0.869501 0.766927 0.146628 0.138021
0 0.940616 0.812500 0.115836 0.111979
0 0.788123 0.708333 0.145161 0.122396
0 0.769062 0.828776 0.148094 0.144531
0 0.585044 0.237630 0.111437 0.118490
0 0.565982 0.402995 0.129032 0.152344
0 0.446481 0.414714 0.153959 0.162760
0 0.435484 0.191406 0.096774 0.098958
0 0.524194 0.138021 0.080645 0.078125
0 0.477273 0.059245 0.104106 0.087240
0 0.640762 0.806641 0.111437 0.123698
0 0.510264 0.837240 0.134897 0.114583
0 0.495601 0.699870 0.114370 0.123698
0 0.425220 0.583984 0.161290 0.128906
0 0.304252 0.603516 0.107038 0.136719
0 0.197214 0.602214 0.142229 0.134115
0 0.335777 0.718099 0.099707 0.089844
0 0.369501 0.920573 0.137830 0.114583
0 0.645894 0.613932 0.104106 0.092448
0 0.659824 0.457682 0.096774 0.097656
0 0.687683 0.512370 0.102639 0.089844
0 0.789589 0.501953 0.092375 0.076823
0 0.786657 0.595052 0.112903 0.104167
0 0.671554 0.117839 0.099707 0.095052
0 0.766862 0.094401 0.082111 0.100260
0 0.455279 0.305990 0.077713 0.093750
0 0.325513 0.288411 0.155425 0.136719
0 0.326979 0.511719 0.126100 0.119792
0 0.871701 0.881510 0.133431 0.111979
0 0.951613 0.945312 0.093842 0.109375
0 0.374633 0.835286 0.098240 0.102865
0 0.274927 0.775391 0.139296 0.113281
0 0.241202 0.905599 0.104106 0.108073
0 0.324047 0.032552 0.105572 0.062500
0 0.425220 0.043620 0.102639 0.084635
0 0.343109 0.194010 0.105572 0.117188
0 0.206745 0.272786 0.114370 0.123698
0 0.054985 0.354818 0.109971 0.123698
0 0.054985 0.620443 0.109971 0.136719
0 0.173754 0.701823 0.121701 0.164062
0 0.049120 0.760417 0.083578 0.085938
0 0.145894 0.906901 0.109971 0.123698
0 0.144428 0.848307 0.092375 0.105469
0 0.101173 0.022786 0.087977 0.042969
0 0.077713 0.821615 0.070381 0.065104
