1 0.236667 0.525260 0.131667 0.077604
1 0.750000 0.505208 0.093333 0.055208
1 0.761667 0.336979 0.071667 0.045833
1 0.482083 0.353906 0.057500 0.035937
0 0.671667 0.550260 0.083333 0.048438
0 0.685417 0.501042 0.070833 0.044792
0 0.835417 0.284635 0.070833 0.046354
0 0.845833 0.330990 0.065000 0.040104
0 0.757917 0.300521 0.059167 0.035417
0 0.502917 0.309115 0.059167 0.035937
0 0.421250 0.286719 0.062500 0.029687
0 0.255833 0.337500 0.040000 0.026042
0 0.187917 0.361719 0.042500 0.025521
0 0.296250 0.319792 0.035833 0.029167
0 0.187500 0.295312 0.043333 0.031250
0 0.304167 0.378385 0.043333 0.030729
0 0.675417 0.324740 0.067500 0.049479
1 0.472083 0.529167 0.105833 0.065625
