1 0.763333 0.474740 0.131667 0.077604
1 0.250000 0.494792 0.093333 0.055208
1 0.238333 0.663021 0.071667 0.045833
1 0.517917 0.646094 0.057500 0.035937
0 0.328333 0.449740 0.083333 0.048438
0 0.314583 0.498958 0.070833 0.044792
0 0.164583 0.715365 0.070833 0.046354
0 0.154167 0.669010 0.065000 0.040104
0 0.242083 0.699479 0.059167 0.035417
0 0.497083 0.690885 0.059167 0.035937
0 0.578750 0.713281 0.062500 0.029687
0 0.744167 0.662500 0.040000 0.026042
0 0.812083 0.638281 0.042500 0.025521
0 0.703750 0.680208 0.035833 0.029167
0 0.812500 0.704688 0.043333 0.031250
0 0.695833 0.621615 0.043333 0.030729
0 0.324583 0.675260 0.067500 0.049479
1 0.527917 0.470833 0.105833 0.065625
