0 0.763672 0.918622 0.110677 0.095308
0 0.651042 0.923021 0.125000 0.118768
0 0.691406 0.859238 0.085938 0.105572
0 0.941406 0.773460 0.106771 0.109971
0 0.868490 0.730205 0.104167 0.123167
0 0.609375 0.744868 0.106771 0.099707
0 0.692708 0.750000 0.083333 0.107038
0 0.369141 0.705279 0.188802 0.170088
0 0.291016 0.854106 0.147135 0.168622
0 0.652344 0.362170 0.101562 0.079179
0 0.843099 0.597507 0.082031 0.080645
0 0.850911 0.243402 0.115885 0.076246
0 0.492188 0.109971 0.101562 0.085044
0 0.395182 0.105572 0.097656 0.073314
0 0.281901 0.049853 0.076823 0.093842
0 0.188802 0.065249 0.104167 0.080645
0 0.410807 0.044721 0.100260 0.089443
0 0.263021 0.927419 0.111979 0.112903
0 0.925781 0.472141 0.132812 0.117302
0 0.921875 0.394428 0.088542 0.099707
