0 0.927083 0.873167 0.072917 0.089443
0 0.861979 0.815982 0.057292 0.074780
0 0.684896 0.905425 0.072917 0.121701
0 0.713542 0.779326 0.075521 0.068915
0 0.436198 0.742669 0.101562 0.109971
0 0.333333 0.826246 0.083333 0.107038
0 0.270833 0.692082 0.101562 0.108504
0 0.177083 0.615103 0.117188 0.127566
0 0.860026 0.645161 0.087240 0.105572
0 0.811849 0.714076 0.084635 0.082111
0 0.752604 0.633431 0.101562 0.108504
0 0.690755 0.640029 0.082031 0.092375
0 0.876953 0.703079 0.092448 0.080645
0 0.967448 0.516862 0.062500 0.109971
0 0.957682 0.426686 0.082031 0.114370
0 0.736979 0.440616 0.080729 0.092375
0 0.655599 0.497067 0.136719 0.143695
0 0.555339 0.516129 0.079427 0.093842
0 0.565104 0.659091 0.085938 0.080645
0 0.425130 0.653959 0.115885 0.085044
0 0.231120 0.778592 0.105469 0.090909
0 0.111328 0.771994 0.110677 0.109971
0 0.130208 0.646628 0.083333 0.093842
0 0.431641 0.575513 0.115885 0.118768
0 0.388021 0.477273 0.101562 0.112903
0 0.339844 0.524927 0.085938 0.105572
0 0.276693 0.478006 0.113281 0.120235
0 0.899089 0.431818 0.084635 0.086510
0 0.526042 0.359971 0.083333 0.136364
0 0.445312 0.345308 0.067708 0.077713
0 0.319661 0.287390 0.115885 0.126100
0 0.948568 0.215543 0.074219 0.087977
0 0.837891 0.207478 0.110677 0.118768
0 0.763672 0.075513 0.149740 0.151026
0 0.697266 0.230938 0.097656 0.095308
0 0.660156 0.171554 0.101562 0.102639
0 0.569661 0.046921 0.092448 0.093842
0 0.520182 0.100440 0.076823 0.101173
0 0.418620 0.109971 0.076823 0.087977
0 0.249349 0.076246 0.095052 0.093842
0 0.145833 0.050587 0.130208 0.101173
0 0.174479 0.380499 0.091146 0.080645
