0 0.410156 0.285191 0.192708 0.183284
0 0.613281 0.233871 0.161458 0.168622
0 0.753255 0.201613 0.149740 0.139296
0 0.638672 0.398094 0.147135 0.127566
0 0.455729 0.498534 0.106771 0.087977
0 0.065755 0.341642 0.126302 0.120235
0 0.151693 0.368035 0.108073 0.134897
0 0.238281 0.386364 0.127604 0.127566
0 0.614583 0.138563 0.127604 0.121701
0 0.693359 0.068915 0.149740 0.134897
0 0.779948 0.084311 0.130208 0.148094
0 0.813151 0.057185 0.128906 0.111437
0 0.743490 0.532991 0.111979 0.121701
0 0.632812 0.541789 0.091146 0.112903
0 0.076172 0.655425 0.134115 0.149560
0 0.329427 0.527859 0.184896 0.146628
0 0.479818 0.750733 0.108073 0.111437
0 0.275391 0.757331 0.128906 0.086510
0 0.940104 0.778592 0.098958 0.076246
0 0.927734 0.848974 0.095052 0.099707
0 0.552083 0.771261 0.111979 0.131965
0 0.365234 0.111437 0.160156 0.114370
0 0.055339 0.842375 0.108073 0.118768
0 0.433594 0.958944 0.072917 0.082111
0 0.649089 0.945748 0.113281 0.108504
0 0.934896 0.333578 0.122396 0.101173
