0 0.589844 0.714809 0.192708 0.183284
0 0.386719 0.766129 0.161458 0.168622
0 0.246745 0.798387 0.149740 0.139296
0 0.361328 0.601906 0.147135 0.127566
0 0.544271 0.501466 0.106771 0.087977
0 0.934245 0.658358 0.126302 0.120235
0 0.848307 0.631965 0.108073 0.134897
0 0.761719 0.613636 0.127604 0.127566
0 0.385417 0.861437 0.127604 0.121701
0 0.306641 0.931085 0.149740 0.134897
0 0.220052 0.915689 0.130208 0.148094
0 0.186849 0.942815 0.128906 0.111437
0 0.256510 0.467009 0.111979 0.121701
0 0.367188 0.458211 0.091146 0.112903
0 0.923828 0.344575 0.134115 0.149560
0 0.670573 0.472141 0.184896 0.146628
0 0.520182 0.249267 0.108073 0.111437
0 0.724609 0.242669 0.128906 0.086510
0 0.059896 0.221408 0.098958 0.076246
0 0.072266 0.151026 0.095052 0.099707
0 0.447917 0.228739 0.111979 0.131965
0 0.634766 0.888563 0.160156 0.114370
0 0.944661 0.157625 0.108073 0.118768
0 0.566406 0.041056 0.072917 0.082111
0 0.350911 0.054252 0.113281 0.108504
0 0.065104 0.666422 0.122396 0.101173
