0 0.518328 0.319661 0.098240 0.095052
0 0.459677 0.373047 0.104106 0.095052
0 0.862903 0.520833 0.104106 0.098958
0 0.739003 0.550781 0.099707 0.093750
0 0.838710 0.607422 0.105572 0.071615
0 0.802786 0.658854 0.101173 0.078125
0 0.880499 0.755208 0.112903 0.104167
0 0.893695 0.617188 0.089443 0.083333
0 0.713343 0.633464 0.101173 0.084635
0 0.683284 0.767578 0.073314 0.066406
0 0.624633 0.679036 0.079179 0.066406
0 0.629032 0.724609 0.076246 0.066406
0 0.803519 0.775391 0.070381 0.061198
0 0.877566 0.936849 0.095308 0.084635
0 0.804985 0.902344 0.087977 0.065104
0 0.750000 0.929688 0.065982 0.065104
0 0.748534 0.972656 0.127566 0.054688
0 0.506598 0.824870 0.115836 0.084635
0 0.433284 0.259766 0.112903 0.089844
0 0.369501 0.357422 0.126100 0.108073
0 0.420821 0.531901 0.117302 0.095052
0 0.380499 0.474609 0.095308 0.082031
0 0.534457 0.669271 0.089443 0.083333
0 0.282258 0.835938 0.086510 0.078125
0 0.199413 0.851562 0.099707 0.106771
0 0.134897 0.904948 0.102639 0.083333
0 0.074047 0.949219 0.101173 0.096354
0 0.078446 0.682943 0.107038 0.087240
0 0.154692 0.718750 0.109971 0.101562
0 0.225806 0.769531 0.082111 0.075521
0 0.417155 0.817708 0.104106 0.080729
0 0.444282 0.606120 0.076246 0.069010
0 0.236070 0.378906 0.129032 0.111979
0 0.121701 0.339844 0.087977 0.075521
0 0.149560 0.455729 0.087977 0.085938
0 0.325513 0.178385 0.090909 0.062500
0 0.321114 0.100260 0.067449 0.065104
0 0.228006 0.118490 0.068915 0.075521
0 0.199413 0.246745 0.090909 0.071615
0 0.135630 0.225911 0.086510 0.097656
0 0.060850 0.136068 0.080645 0.084635
0 0.194282 0.627604 0.109971 0.104167
0 0.230938 0.491536 0.051320 0.048177
0 0.088710 0.434245 0.077713 0.071615
0 0.034457 0.387370 0.068915 0.063802
0 0.038856 0.608073 0.077713 0.078125
0 0.035191 0.669922 0.070381 0.097656
0 0.346774 0.563151 0.107038 0.108073
0 0.163490 0.033854 0.080645 0.065104
0 0.239736 0.070964 0.071848 0.071615
0 0.063783 0.479167 0.098240 0.101562
0 0.579179 0.888021 0.096774 0.091146
0 0.297654 0.942708 0.105572 0.083333
0 0.367302 0.966797 0.107038 0.066406
0 0.285924 0.968750 0.093842 0.062500
