0 0.319661 0.481672 0.095052 0.098240
0 0.373047 0.540323 0.095052 0.104106
0 0.520833 0.137097 0.098958 0.104106
0 0.550781 0.260997 0.093750 0.099707
0 0.607422 0.161290 0.071615 0.105572
0 0.658854 0.197214 0.078125 0.101173
0 0.755208 0.119501 0.104167 0.112903
0 0.617188 0.106305 0.083333 0.089443
0 0.633464 0.286657 0.084635 0.101173
0 0.767578 0.316716 0.066406 0.073314
0 0.679036 0.375367 0.066406 0.079179
0 0.724609 0.370968 0.066406 0.076246
0 0.775391 0.196481 0.061198 0.070381
0 0.936849 0.122434 0.084635 0.095308
0 0.902344 0.195015 0.065104 0.087977
0 0.929688 0.250000 0.065104 0.065982
0 0.972656 0.251466 0.054688 0.127566
0 0.824870 0.493402 0.084635 0.115836
0 0.259766 0.566716 0.089844 0.112903
0 0.357422 0.630499 0.108073 0.126100
0 0.531901 0.579179 0.095052 0.117302
0 0.474609 0.619501 0.082031 0.095308
0 0.669271 0.465543 0.083333 0.089443
0 0.835938 0.717742 0.078125 0.086510
0 0.851562 0.800587 0.106771 0.099707
0 0.904948 0.865103 0.083333 0.102639
0 0.949219 0.925953 0.096354 0.101173
0 0.682943 0.921554 0.087240 0.107038
0 0.718750 0.845308 0.101562 0.109971
0 0.769531 0.774194 0.075521 0.082111
0 0.817708 0.582845 0.080729 0.104106
0 0.606120 0.555718 0.069010 0.076246
0 0.378906 0.763930 0.111979 0.129032
0 0.339844 0.878299 0.075521 0.087977
0 0.455729 0.850440 0.085938 0.087977
0 0.178385 0.674487 0.062500 0.090909
0 0.100260 0.678886 0.065104 0.067449
0 0.118490 0.771994 0.075521 0.068915
0 0.246745 0.800587 0.071615 0.090909
0 0.225911 0.864370 0.097656 0.086510
0 0.136068 0.939150 0.084635 0.080645
0 0.627604 0.805718 0.104167 0.109971
0 0.491536 0.769062 0.048177 0.051320
0 0.434245 0.911290 0.071615 0.077713
0 0.387370 0.965543 0.063802 0.068915
0 0.608073 0.961144 0.078125 0.077713
0 0.669922 0.964809 0.097656 0.070381
0 0.563151 0.653226 0.108073 0.107038
0 0.033854 0.836510 0.065104 0.080645
0 0.070964 0.760264 0.071615 0.071848
0 0.479167 0.936217 0.101562 0.098240
0 0.888021 0.420821 0.091146 0.096774
0 0.942708 0.702346 0.083333 0.105572
0 0.966797 0.632698 0.066406 0.107038
0 0.968750 0.714076 0.062500 0.093842
