0 0.456012 0.842448 0.146628 0.119792
0 0.264663 0.759115 0.104106 0.104167
0 0.241202 0.431641 0.121701 0.113281
0 0.096774 0.364583 0.129032 0.114583
0 0.275660 0.300130 0.087977 0.082031
0 0.251466 0.194661 0.130499 0.097656
0 0.200147 0.131510 0.104106 0.088542
0 0.120968 0.140625 0.121701 0.101562
0 0.191349 0.081380 0.104106 0.082031
0 0.213343 0.922526 0.145161 0.108073
0 0.435484 0.705078 0.099707 0.110677
0 0.370235 0.406901 0.095308 0.076823
0 0.360704 0.453776 0.117302 0.095052
0 0.463343 0.438151 0.114370 0.102865
0 0.469208 0.382812 0.123167 0.091146
0 0.438416 0.339193 0.076246 0.076823
0 0.283724 0.347656 0.107038 0.098958
0 0.351906 0.109375 0.123167 0.083333
0 0.454545 0.145182 0.146628 0.141927
0 0.615836 0.298828 0.126100 0.097656
0 0.531525 0.275391 0.074780 0.076823
0 0.670088 0.209635 0.111437 0.091146
0 0.748534 0.197917 0.118768 0.098958
0 0.782991 0.114583 0.111437 0.093750
0 0.759531 0.279297 0.090909 0.092448
0 0.663490 0.494141 0.168622 0.126302
0 0.483871 0.509115 0.102639 0.080729
0 0.519062 0.683594 0.085044 0.078125
0 0.540323 0.622396 0.068915 0.080729
0 0.769062 0.682943 0.107038 0.084635
0 0.800587 0.606120 0.155425 0.134115
0 0.932551 0.715495 0.134897 0.139323
0 0.851173 0.897135 0.121701 0.130208
0 0.736804 0.894531 0.115836 0.117188
0 0.556452 0.889323 0.121701 0.104167
0 0.766129 0.350260 0.115836 0.091146
0 0.934018 0.268880 0.131965 0.105469
0 0.810850 0.246094 0.090909 0.088542
0 0.895161 0.546875 0.139296 0.114583
