0 0.842448 0.543988 0.119792 0.146628
0 0.759115 0.735337 0.104167 0.104106
0 0.431641 0.758798 0.113281 0.121701
0 0.364583 0.903226 0.114583 0.129032
0 0.300130 0.724340 0.082031 0.087977
0 0.194661 0.748534 0.097656 0.130499
0 0.131510 0.799853 0.088542 0.104106
0 0.140625 0.879032 0.101562 0.121701
0 0.081380 0.808651 0.082031 0.104106
0 0.922526 0.786657 0.108073 0.145161
0 0.705078 0.564516 0.110677 0.099707
0 0.406901 0.629765 0.076823 0.095308
0 0.453776 0.639296 0.095052 0.117302
0 0.438151 0.536657 0.102865 0.114370
0 0.382812 0.530792 0.091146 0.123167
0 0.339193 0.561584 0.076823 0.076246
0 0.347656 0.716276 0.098958 0.107038
0 0.109375 0.648094 0.083333 0.123167
0 0.145182 0.545455 0.141927 0.146628
0 0.298828 0.384164 0.097656 0.126100
0 0.275391 0.468475 0.076823 0.074780
0 0.209635 0.329912 0.091146 0.111437
0 0.197917 0.251466 0.098958 0.118768
0 0.114583 0.217009 0.093750 0.111437
0 0.279297 0.240469 0.092448 0.090909
0 0.494141 0.336510 0.126302 0.168622
0 0.509115 0.516129 0.080729 0.102639
0 0.683594 0.480938 0.078125 0.085044
0 0.622396 0.459677 0.080729 0.068915
0 0.682943 0.230938 0.084635 0.107038
0 0.606120 0.199413 0.134115 0.155425
0 0.715495 0.067449 0.139323 0.134897
0 0.897135 0.148827 0.130208 0.121701
0 0.894531 0.263196 0.117188 0.115836
0 0.889323 0.443548 0.104167 0.121701
0 0.350260 0.233871 0.091146 0.115836
0 0.268880 0.065982 0.105469 0.131965
0 0.246094 0.189150 0.088542 0.090909
0 0.546875 0.104839 0.114583 0.139296
