0 0.543988 0.157552 0.146628 0.119792
0 0.735337 0.240885 0.104106 0.104167
0 0.758798 0.568359 0.121701 0.113281
0 0.903226 0.635417 0.129032 0.114583
0 0.724340 0.699870 0.087977 0.082031
0 0.748534 0.805339 0.130499 0.097656
0 0.799853 0.868490 0.104106 0.088542
0 0.879032 0.859375 0.121701 0.101562
0 0.808651 0.918620 0.104106 0.082031
0 0.786657 0.077474 0.145161 0.108073
0 0.564516 0.294922 0.099707 0.110677
0 0.629765 0.593099 0.095308 0.076823
0 0.639296 0.546224 0.117302 0.095052
0 0.536657 0.561849 0.114370 0.102865
0 0.530792 0.617188 0.123167 0.091146
0 0.561584 0.660807 0.076246 0.076823
0 0.716276 0.652344 0.107038 0.098958
0 0.648094 0.890625 0.123167 0.083333
0 0.545455 0.854818 0.146628 0.141927
0 0.384164 0.701172 0.126100 0.097656
0 0.468475 0.724609 0.074780 0.076823
0 0.329912 0.790365 0.111437 0.091146
0 0.251466 0.802083 0.118768 0.098958
0 0.217009 0.885417 0.111437 0.093750
0 0.240469 0.720703 0.090909 0.092448
0 0.336510 0.505859 0.168622 0.126302
0 0.516129 0.490885 0.102639 0.080729
0 0.480938 0.316406 0.085044 0.078125
0 0.459677 0.377604 0.068915 0.080729
0 0.230938 0.317057 0.107038 0.084635
0 0.199413 0.393880 0.155425 0.134115
0 0.067449 0.284505 0.134897 0.139323
0 0.148827 0.102865 0.121701 0.130208
0 0.263196 0.105469 0.115836 0.117188
0 0.443548 0.110677 0.121701 0.104167
0 0.233871 0.649740 0.115836 0.091146
0 0.065982 0.731120 0.131965 0.105469
0 0.189150 0.753906 0.090909 0.088542
0 0.104839 0.453125 0.139296 0.114583
