0 0.291056 0.823568 0.121701 0.118490
0 0.245601 0.680990 0.112903 0.088542
0 0.345308 0.598958 0.115836 0.093750
0 0.434751 0.664062 0.092375 0.119792
0 0.387830 0.406901 0.109971 0.100260
0 0.420088 0.324219 0.098240 0.091146
0 0.256598 0.364583 0.090909 0.106771
0 0.120235 0.483073 0.099707 0.093750
0 0.115836 0.577474 0.099707 0.082031
0 0.192815 0.526693 0.077713 0.084635
0 0.064516 0.395833 0.061584 0.065104
0 0.052786 0.555339 0.076246 0.076823
0 0.084311 0.954427 0.109971 0.088542
0 0.100440 0.313151 0.083578 0.069010
0 0.089443 0.251953 0.085044 0.071615
0 0.101173 0.199870 0.070381 0.074219
0 0.050587 0.166016 0.092375 0.087240
0 0.041789 0.127604 0.077713 0.080729
0 0.033724 0.067708 0.064516 0.072917
0 0.169355 0.093099 0.086510 0.084635
0 0.234604 0.096354 0.082111 0.096354
0 0.208211 0.214844 0.087977 0.080729
0 0.165689 0.352214 0.096774 0.084635
0 0.334311 0.253906 0.076246 0.070312
0 0.326979 0.194661 0.070381 0.084635
0 0.387830 0.106120 0.077713 0.058594
0 0.456012 0.044271 0.079179 0.070312
0 0.517595 0.175781 0.105572 0.101562
0 0.572581 0.304688 0.083578 0.083333
0 0.619501 0.224609 0.074780 0.074219
0 0.699413 0.521484 0.087977 0.079427
0 0.735337 0.623698 0.101173 0.091146
0 0.832111 0.819661 0.109971 0.102865
0 0.728739 0.770833 0.096774 0.091146
0 0.796188 0.500651 0.087977 0.089844
0 0.940616 0.421875 0.089443 0.083333
0 0.899560 0.331380 0.083578 0.074219
0 0.850440 0.326823 0.079179 0.078125
0 0.800587 0.198568 0.061584 0.066406
0 0.701613 0.103516 0.068915 0.095052
0 0.689150 0.190755 0.073314 0.066406
0 0.569648 0.035156 0.080645 0.070312
0 0.467742 0.839193 0.076246 0.089844
0 0.590176 0.815755 0.107038 0.082031
0 0.802053 0.626302 0.070381 0.080729
0 0.934018 0.656901 0.087977 0.097656
0 0.692815 0.479818 0.089443 0.076823
0 0.967742 0.229818 0.064516 0.055990
0 0.973607 0.164062 0.052786 0.062500
0 0.923754 0.079427 0.093842 0.083333
