0 0.823568 0.708944 0.118490 0.121701
0 0.680990 0.754399 0.088542 0.112903
0 0.598958 0.654692 0.093750 0.115836
0 0.664062 0.565249 0.119792 0.092375
0 0.406901 0.612170 0.100260 0.109971
0 0.324219 0.579912 0.091146 0.098240
0 0.364583 0.743402 0.106771 0.090909
0 0.483073 0.879765 0.093750 0.099707
0 0.577474 0.884164 0.082031 0.099707
0 0.526693 0.807185 0.084635 0.077713
0 0.395833 0.935484 0.065104 0.061584
0 0.555339 0.947214 0.076823 0.076246
0 0.954427 0.915689 0.088542 0.109971
0 0.313151 0.899560 0.069010 0.083578
0 0.251953 0.910557 0.071615 0.085044
0 0.199870 0.898827 0.074219 0.070381
0 0.166016 0.949413 0.087240 0.092375
0 0.127604 0.958211 0.080729 0.077713
0 0.067708 0.966276 0.072917 0.064516
0 0.093099 0.830645 0.084635 0.086510
0 0.096354 0.765396 0.096354 0.082111
0 0.214844 0.791789 0.080729 0.087977
0 0.352214 0.834311 0.084635 0.096774
0 0.253906 0.665689 0.070312 0.076246
0 0.194661 0.673021 0.084635 0.070381
0 0.106120 0.612170 0.058594 0.077713
0 0.044271 0.543988 0.070312 0.079179
0 0.175781 0.482405 0.101562 0.105572
0 0.304688 0.427419 0.083333 0.083578
0 0.224609 0.380499 0.074219 0.074780
0 0.521484 0.300587 0.079427 0.087977
0 0.623698 0.264663 0.091146 0.101173
0 0.819661 0.167889 0.102865 0.109971
0 0.770833 0.271261 0.091146 0.096774
0 0.500651 0.203812 0.089844 0.087977
0 0.421875 0.059384 0.083333 0.089443
0 0.331380 0.100440 0.074219 0.083578
0 0.326823 0.149560 0.078125 0.079179
0 0.198568 0.199413 0.066406 0.061584
0 0.103516 0.298387 0.095052 0.068915
0 0.190755 0.310850 0.066406 0.073314
0 0.035156 0.430352 0.070312 0.080645
0 0.839193 0.532258 0.089844 0.076246
0 0.815755 0.409824 0.082031 0.107038
0 0.626302 0.197947 0.080729 0.070381
0 0.656901 0.065982 0.097656 0.087977
0 0.479818 0.307185 0.076823 0.089443
0 0.229818 0.032258 0.055990 0.064516
0 0.164062 0.026393 0.062500 0.052786
0 0.079427 0.076246 0.083333 0.093842
