0 0.920821 0.454427 0.129032 0.130208
0 0.723607 0.367188 0.098240 0.093750
0 0.751466 0.491536 0.118768 0.108073
0 0.807918 0.492839 0.096774 0.097656
0 0.646628 0.757161 0.099707 0.079427
0 0.626833 0.846354 0.124633 0.098958
0 0.837977 0.892578 0.080645 0.076823
0 0.752199 0.835938 0.111437 0.085938
0 0.606305 0.677083 0.063050 0.062500
0 0.531525 0.464193 0.080645 0.071615
0 0.524194 0.524089 0.065982 0.063802
0 0.446481 0.576172 0.074780 0.069010
0 0.409091 0.500000 0.082111 0.078125
0 0.374633 0.604167 0.083578 0.085938
0 0.528592 0.691406 0.077713 0.080729
0 0.519795 0.750651 0.068915 0.058594
0 0.505865 0.785156 0.079179 0.054688
0 0.351173 0.345703 0.080645 0.076823
0 0.418622 0.278646 0.086510 0.083333
0 0.468475 0.187500 0.086510 0.072917
0 0.251466 0.455729 0.083578 0.080729
0 0.256598 0.586589 0.087977 0.082031
0 0.296188 0.658203 0.082111 0.069010
0 0.377566 0.754557 0.101173 0.092448
0 0.101906 0.618490 0.115836 0.101562
0 0.098240 0.557943 0.087977 0.071615
0 0.086510 0.386068 0.093842 0.084635
0 0.101173 0.335938 0.058651 0.067708
0 0.110704 0.044271 0.080645 0.070312
0 0.036657 0.081380 0.073314 0.082031
0 0.079179 0.136719 0.096774 0.085938
0 0.280059 0.182943 0.082111 0.069010
0 0.304985 0.084635 0.070381 0.059896
0 0.356305 0.227865 0.067449 0.072917
0 0.302786 0.248047 0.051320 0.050781
0 0.270528 0.347005 0.086510 0.084635
0 0.025660 0.551432 0.051320 0.066406
0 0.030792 0.624349 0.061584 0.082031
0 0.050587 0.921224 0.101173 0.118490
0 0.217009 0.696615 0.079179 0.083333
0 0.142229 0.774740 0.090909 0.088542
0 0.214076 0.751302 0.061584 0.070312
0 0.637097 0.912109 0.086510 0.076823
0 0.715543 0.154948 0.067449 0.072917
0 0.214076 0.924479 0.076246 0.072917
0 0.055718 0.796875 0.055718 0.062500
0 0.133431 0.843750 0.055718 0.067708
0 0.181085 0.430339 0.083578 0.084635
0 0.182551 0.338542 0.086510 0.109375
0 0.780792 0.068359 0.083578 0.074219
