0 0.079179 0.545573 0.129032 0.130208
0 0.276393 0.632812 0.098240 0.093750
0 0.248534 0.508464 0.118768 0.108073
0 0.192082 0.507161 0.096774 0.097656
0 0.353372 0.242839 0.099707 0.079427
0 0.373167 0.153646 0.124633 0.098958
0 0.162023 0.107422 0.080645 0.076823
0 0.247801 0.164062 0.111437 0.085938
0 0.393695 0.322917 0.063050 0.062500
0 0.468475 0.535807 0.080645 0.071615
0 0.475806 0.475911 0.065982 0.063802
0 0.553519 0.423828 0.074780 0.069010
0 0.590909 0.500000 0.082111 0.078125
0 0.625367 0.395833 0.083578 0.085938
0 0.471408 0.308594 0.077713 0.080729
0 0.480205 0.249349 0.068915 0.058594
0 0.494135 0.214844 0.079179 0.054688
0 0.648827 0.654297 0.080645 0.076823
0 0.581378 0.721354 0.086510 0.083333
0 0.531525 0.812500 0.086510 0.072917
0 0.748534 0.544271 0.083578 0.080729
0 0.743402 0.413411 0.087977 0.082031
0 0.703812 0.341797 0.082111 0.069010
0 0.622434 0.245443 0.101173 0.092448
0 0.898094 0.381510 0.115836 0.101562
0 0.901760 0.442057 0.087977 0.071615
0 0.913490 0.613932 0.093842 0.084635
0 0.898827 0.664062 0.058651 0.067708
0 0.889296 0.955729 0.080645 0.070312
0 0.963343 0.918620 0.073314 0.082031
0 0.920821 0.863281 0.096774 0.085938
0 0.719941 0.817057 0.082111 0.069010
0 0.695015 0.915365 0.070381 0.059896
0 0.643695 0.772135 0.067449 0.072917
0 0.697214 0.751953 0.051320 0.050781
0 0.729472 0.652995 0.086510 0.084635
0 0.974340 0.448568 0.051320 0.066406
0 0.969208 0.375651 0.061584 0.082031
0 0.949413 0.078776 0.101173 0.118490
0 0.782991 0.303385 0.079179 0.083333
0 0.857771 0.225260 0.090909 0.088542
0 0.785924 0.248698 0.061584 0.070312
0 0.362903 0.087891 0.086510 0.076823
0 0.284457 0.845052 0.067449 0.072917
0 0.785924 0.075521 0.076246 0.072917
0 0.944282 0.203125 0.055718 0.062500
0 0.866569 0.156250 0.055718 0.067708
0 0.818915 0.569661 0.083578 0.084635
0 0.817449 0.661458 0.086510 0.109375
0 0.219208 0.931641 0.083578 0.074219
