0 0.902493 0.140625 0.104106 0.085938
0 0.931085 0.337240 0.134897 0.111979
0 0.824047 0.120443 0.067449 0.082031
0 0.791056 0.298177 0.068915 0.072917
0 0.849707 0.075521 0.065982 0.059896
0 0.873900 0.027995 0.046921 0.053385
0 0.968475 0.020182 0.060117 0.037760
0 0.833578 0.516927 0.121701 0.096354
0 0.939883 0.526042 0.105572 0.083333
0 0.854839 0.613932 0.076246 0.066406
0 0.760264 0.630208 0.092375 0.091146
0 0.853372 0.470703 0.129032 0.105469
0 0.905425 0.719401 0.086510 0.074219
0 0.819648 0.722656 0.085044 0.088542
0 0.920088 0.833333 0.065982 0.049479
0 0.516129 0.727865 0.114370 0.091146
0 0.438416 0.811198 0.108504 0.096354
0 0.675953 0.430990 0.087977 0.072917
0 0.605572 0.417969 0.090909 0.091146
0 0.806452 0.032552 0.105572 0.062500
0 0.765396 0.139974 0.073314 0.069010
0 0.570381 0.041016 0.111437 0.079427
0 0.553519 0.097656 0.077713 0.075521
0 0.710411 0.371745 0.101173 0.087240
0 0.730205 0.460286 0.070381 0.095052
0 0.630499 0.538411 0.073314 0.063802
0 0.710411 0.743490 0.118768 0.093750
0 0.805718 0.856771 0.071848 0.054688
0 0.637097 0.839844 0.095308 0.080729
0 0.619501 0.677083 0.089443 0.080729
0 0.566716 0.533203 0.080645 0.066406
0 0.480205 0.567708 0.089443 0.085938
0 0.442082 0.343099 0.092375 0.079427
0 0.508065 0.434896 0.086510 0.078125
0 0.535191 0.348307 0.087977 0.079427
0 0.475073 0.174479 0.073314 0.062500
0 0.523460 0.617188 0.102639 0.057292
0 0.372434 0.692708 0.093842 0.083333
0 0.379765 0.607422 0.102639 0.089844
0 0.406158 0.518880 0.102639 0.095052
0 0.288123 0.432292 0.068915 0.080729
0 0.206012 0.548177 0.098240 0.088542
0 0.226540 0.677083 0.086510 0.096354
0 0.189150 0.776042 0.090909 0.072917
0 0.115836 0.871094 0.082111 0.083333
0 0.280792 0.938802 0.068915 0.054688
0 0.055718 0.747396 0.087977 0.085938
0 0.049853 0.847005 0.085044 0.095052
0 0.035924 0.935547 0.071848 0.097656
0 0.066716 0.486979 0.077713 0.085938
0 0.090176 0.323568 0.080645 0.084635
0 0.145161 0.281250 0.070381 0.080729
0 0.230205 0.294922 0.067449 0.066406
0 0.266129 0.162760 0.065982 0.067708
0 0.280059 0.244792 0.064516 0.059896
0 0.063050 0.152344 0.070381 0.065104
0 0.188416 0.465495 0.101173 0.063802
0 0.027126 0.616536 0.054252 0.058594
0 0.036657 0.674479 0.073314 0.065104
0 0.359238 0.223307 0.073314 0.074219
