0 0.097507 0.859375 0.104106 0.085938
0 0.068915 0.662760 0.134897 0.111979
0 0.175953 0.879557 0.067449 0.082031
0 0.208944 0.701823 0.068915 0.072917
0 0.150293 0.924479 0.065982 0.059896
0 0.126100 0.972005 0.046921 0.053385
0 0.031525 0.979818 0.060117 0.037760
0 0.166422 0.483073 0.121701 0.096354
0 0.060117 0.473958 0.105572 0.083333
0 0.145161 0.386068 0.076246 0.066406
0 0.239736 0.369792 0.092375 0.091146
0 0.146628 0.529297 0.129032 0.105469
0 0.094575 0.280599 0.086510 0.074219
0 0.180352 0.277344 0.085044 0.088542
0 0.079912 0.166667 0.065982 0.049479
0 0.483871 0.272135 0.114370 0.091146
0 0.561584 0.188802 0.108504 0.096354
0 0.324047 0.569010 0.087977 0.072917
0 0.394428 0.582031 0.090909 0.091146
0 0.193548 0.967448 0.105572 0.062500
0 0.234604 0.860026 0.073314 0.069010
0 0.429619 0.958984 0.111437 0.079427
0 0.446481 0.902344 0.077713 0.075521
0 0.289589 0.628255 0.101173 0.087240
0 0.269795 0.539714 0.070381 0.095052
0 0.369501 0.461589 0.073314 0.063802
0 0.289589 0.256510 0.118768 0.093750
0 0.194282 0.143229 0.071848 0.054688
0 0.362903 0.160156 0.095308 0.080729
0 0.380499 0.322917 0.089443 0.080729
0 0.433284 0.466797 0.080645 0.066406
0 0.519795 0.432292 0.089443 0.085938
0 0.557918 0.656901 0.092375 0.079427
0 0.491935 0.565104 0.086510 0.078125
0 0.464809 0.651693 0.087977 0.079427
0 0.524927 0.825521 0.073314 0.062500
0 0.476540 0.382812 0.102639 0.057292
0 0.627566 0.307292 0.093842 0.083333
0 0.620235 0.392578 0.102639 0.089844
0 0.593842 0.481120 0.102639 0.095052
0 0.711877 0.567708 0.068915 0.080729
0 0.793988 0.451823 0.098240 0.088542
0 0.773460 0.322917 0.086510 0.096354
0 0.810850 0.223958 0.090909 0.072917
0 0.884164 0.128906 0.082111 0.083333
0 0.719208 0.061198 0.068915 0.054688
0 0.944282 0.252604 0.087977 0.085938
0 0.950147 0.152995 0.085044 0.095052
0 0.964076 0.064453 0.071848 0.097656
0 0.933284 0.513021 0.077713 0.085938
0 0.909824 0.676432 0.080645 0.084635
0 0.854839 0.718750 0.070381 0.080729
0 0.769795 0.705078 0.067449 0.066406
0 0.733871 0.837240 0.065982 0.067708
0 0.719941 0.755208 0.064516 0.059896
0 0.936950 0.847656 0.070381 0.065104
0 0.811584 0.534505 0.101173 0.063802
0 0.972874 0.383464 0.054252 0.058594
0 0.963343 0.325521 0.073314 0.065104
0 0.640762 0.776693 0.073314 0.074219
