1 0.735000 0.499740 0.205000 0.133854
1 0.743333 0.332292 0.071667 0.050000
1 0.464583 0.491146 0.057500 0.038542
0 0.695000 0.305990 0.070000 0.052604
0 0.833333 0.315625 0.051667 0.035417
0 0.815417 0.348438 0.052500 0.033333
0 0.745417 0.285417 0.064167 0.031250
0 0.832500 0.372917 0.050000 0.020833
0 0.842500 0.352344 0.030000 0.022396
0 0.500417 0.436458 0.032500 0.020833
0 0.533333 0.459115 0.043333 0.031771
0 0.523750 0.507552 0.045833 0.026562
0 0.571250 0.452604 0.032500 0.028125
0 0.371667 0.503906 0.050000 0.044271
