1 0.265000 0.500260 0.205000 0.133854
1 0.256667 0.667708 0.071667 0.050000
1 0.535417 0.508854 0.057500 0.038542
0 0.305000 0.694010 0.070000 0.052604
0 0.166667 0.684375 0.051667 0.035417
0 0.184583 0.651562 0.052500 0.033333
0 0.254583 0.714583 0.064167 0.031250
0 0.167500 0.627083 0.050000 0.020833
0 0.157500 0.647656 0.030000 0.022396
0 0.499583 0.563542 0.032500 0.020833
0 0.466667 0.540885 0.043333 0.031771
0 0.476250 0.492448 0.045833 0.026562
0 0.428750 0.547396 0.032500 0.028125
0 0.628333 0.496094 0.050000 0.044271
