1 0.500260 0.735000 0.133854 0.205000
1 0.667708 0.743333 0.050000 0.071667
1 0.508854 0.464583 0.038542 0.057500
0 0.694010 0.695000 0.052604 0.070000
0 0.684375 0.833333 0.035417 0.051667
0 0.651562 0.815417 0.033333 0.052500
0 0.714583 0.745417 0.031250 0.064167
0 0.627083 0.832500 0.020833 0.050000
0 0.647656 0.842500 0.022396 0.030000
0 0.563542 0.500417 0.020833 0.032500
0 0.540885 0.533333 0.031771 0.043333
0 0.492448 0.523750 0.026562 0.045833
0 0.547396 0.571250 0.028125 0.032500
0 0.496094 0.371667 0.044271 0.050000
