1 0.540417 0.301563 0.087500 0.060417
1 0.802500 0.651042 0.095000 0.066667
1 0.223750 0.639323 0.152500 0.099479
1 0.228750 0.706771 0.089167 0.052083
1 0.535000 0.680469 0.166667 0.116146
1 0.769583 0.487760 0.129167 0.086979
1 0.226250 0.446615 0.059167 0.042188
1 0.523333 0.493750 0.065000 0.040625
1 0.864167 0.292969 0.030000 0.019271
1 0.859167 0.317188 0.025000 0.014583
1 0.855000 0.338021 0.036667 0.019792
1 0.854167 0.363021 0.036667 0.020833
1 0.852500 0.390625 0.031667 0.021875
1 0.812917 0.287240 0.027500 0.016146
1 0.813750 0.312240 0.020833 0.015104
1 0.815417 0.331771 0.025833 0.016667
1 0.812083 0.358594 0.029167 0.018229
1 0.814167 0.387240 0.025000 0.018229
1 0.768333 0.280469 0.028333 0.015104
0 0.694583 0.637240 0.089167 0.068229
0 0.812083 0.605208 0.057500 0.042708
0 0.864583 0.657031 0.042500 0.043229
0 0.852917 0.703385 0.072500 0.049479
