1 0.514167 0.495312 0.150000 0.097917
1 0.509583 0.345313 0.102500 0.079167
1 0.247500 0.491146 0.116667 0.079167
1 0.235833 0.325521 0.116667 0.067708
1 0.759167 0.665365 0.115000 0.064062
1 0.803333 0.484115 0.143333 0.103646
1 0.552083 0.649740 0.107500 0.070312
1 0.785417 0.332813 0.097500 0.057292
0 0.462500 0.292708 0.063333 0.043750
0 0.330000 0.483594 0.088333 0.064062
0 0.697917 0.368750 0.052500 0.031250
0 0.707500 0.336979 0.053333 0.038542
0 0.720417 0.272135 0.092500 0.054688
1 0.447917 0.650521 0.090833 0.067708
0 0.176667 0.450000 0.100000 0.065625
