0 0.704545 0.308594 0.148094 0.127604
0 0.642962 0.199870 0.165689 0.118490
0 0.756598 0.137370 0.117302 0.115885
0 0.809384 0.188151 0.087977 0.110677
0 0.911290 0.348307 0.101173 0.102865
0 0.722141 0.415365 0.109971 0.122396
0 0.623900 0.449870 0.118768 0.126302
0 0.554252 0.562500 0.126100 0.148438
0 0.846774 0.670573 0.077713 0.114583
0 0.772727 0.729167 0.087977 0.106771
0 0.946481 0.772135 0.092375 0.101562
0 0.907625 0.860026 0.105572 0.110677
0 0.892229 0.965495 0.083578 0.069010
0 0.945015 0.411458 0.104106 0.088542
0 0.846774 0.469401 0.115836 0.102865
0 0.523460 0.091146 0.082111 0.093750
0 0.510264 0.427734 0.143695 0.136719
0 0.538856 0.282552 0.095308 0.114583
0 0.585777 0.682292 0.095308 0.104167
0 0.388563 0.067708 0.067449 0.104167
0 0.292522 0.789714 0.171554 0.154948
0 0.233871 0.880859 0.124633 0.118490
0 0.428886 0.371094 0.104106 0.096354
0 0.304985 0.432292 0.129032 0.117188
0 0.409091 0.951172 0.131965 0.097656
0 0.630499 0.791667 0.102639 0.106771
0 0.736070 0.855469 0.085044 0.114583
0 0.634164 0.917969 0.104106 0.109375
0 0.565982 0.858073 0.090909 0.098958
0 0.076246 0.406901 0.079179 0.079427
