0 0.691406 0.704545 0.127604 0.148094
0 0.800130 0.642962 0.118490 0.165689
0 0.862630 0.756598 0.115885 0.117302
0 0.811849 0.809384 0.110677 0.087977
0 0.651693 0.911290 0.102865 0.101173
0 0.584635 0.722141 0.122396 0.109971
0 0.550130 0.623900 0.126302 0.118768
0 0.437500 0.554252 0.148438 0.126100
0 0.329427 0.846774 0.114583 0.077713
0 0.270833 0.772727 0.106771 0.087977
0 0.227865 0.946481 0.101562 0.092375
0 0.139974 0.907625 0.110677 0.105572
0 0.034505 0.892229 0.069010 0.083578
0 0.588542 0.945015 0.088542 0.104106
0 0.530599 0.846774 0.102865 0.115836
0 0.908854 0.523460 0.093750 0.082111
0 0.572266 0.510264 0.136719 0.143695
0 0.717448 0.538856 0.114583 0.095308
0 0.317708 0.585777 0.104167 0.095308
0 0.932292 0.388563 0.104167 0.067449
0 0.210286 0.292522 0.154948 0.171554
0 0.119141 0.233871 0.118490 0.124633
0 0.628906 0.428886 0.096354 0.104106
0 0.567708 0.304985 0.117188 0.129032
0 0.048828 0.409091 0.097656 0.131965
0 0.208333 0.630499 0.106771 0.102639
0 0.144531 0.736070 0.114583 0.085044
0 0.082031 0.634164 0.109375 0.104106
0 0.141927 0.565982 0.098958 0.090909
0 0.593099 0.076246 0.079427 0.079179
