0 0.308594 0.295455 0.127604 0.148094
0 0.199870 0.357038 0.118490 0.165689
0 0.137370 0.243402 0.115885 0.117302
0 0.188151 0.190616 0.110677 0.087977
0 0.348307 0.088710 0.102865 0.101173
0 0.415365 0.277859 0.122396 0.109971
0 0.449870 0.376100 0.126302 0.118768
0 0.562500 0.445748 0.148438 0.126100
0 0.670573 0.153226 0.114583 0.077713
0 0.729167 0.227273 0.106771 0.087977
0 0.772135 0.053519 0.101562 0.092375
0 0.860026 0.092375 0.110677 0.105572
0 0.965495 0.107771 0.069010 0.083578
0 0.411458 0.054985 0.088542 0.104106
0 0.469401 0.153226 0.102865 0.115836
0 0.091146 0.476540 0.093750 0.082111
0 0.427734 0.489736 0.136719 0.143695
0 0.282552 0.461144 0.114583 0.095308
0 0.682292 0.414223 0.104167 0.095308
0 0.067708 0.611437 0.104167 0.067449
0 0.789714 0.707478 0.154948 0.171554
0 0.880859 0.766129 0.118490 0.124633
0 0.371094 0.571114 0.096354 0.104106
0 0.432292 0.695015 0.117188 0.129032
0 0.951172 0.590909 0.097656 0.131965
0 0.791667 0.369501 0.106771 0.102639
0 0.855469 0.263930 0.114583 0.085044
0 0.917969 0.365836 0.109375 0.104106
0 0.858073 0.434018 0.098958 0.090909
0 0.406901 0.923754 0.079427 0.079179
