0 0.486070 0.569010 0.107038 0.114583
0 0.345308 0.598958 0.089443 0.096354
0 0.340176 0.242188 0.108504 0.130208
0 0.726540 0.546224 0.142229 0.110677
0 0.777859 0.428385 0.156891 0.138021
0 0.828446 0.054688 0.146628 0.109375
0 0.576246 0.116536 0.102639 0.095052
0 0.474340 0.178385 0.115836 0.125000
0 0.604839 0.261719 0.095308 0.114583
0 0.833578 0.878255 0.162757 0.186198
0 0.573314 0.813151 0.085044 0.115885
0 0.061584 0.287760 0.093842 0.078125
0 0.138563 0.094401 0.139296 0.105469
0 0.793255 0.171224 0.090909 0.092448
0 0.656158 0.798828 0.092375 0.141927
0 0.500000 0.692057 0.102639 0.115885
