0 0.173177 0.111437 0.096354 0.085044
0 0.096354 0.158358 0.070312 0.087977
0 0.074219 0.434751 0.091146 0.083578
0 0.625651 0.130499 0.082031 0.093842
0 0.680339 0.164223 0.087240 0.087977
0 0.764323 0.060850 0.075521 0.086510
0 0.765625 0.179619 0.088542 0.074780
0 0.891927 0.265396 0.080729 0.067449
0 0.968099 0.225806 0.063802 0.090909
0 0.545573 0.477273 0.085938 0.068915
0 0.703776 0.274927 0.079427 0.086510
0 0.862630 0.457478 0.079427 0.087977
0 0.911458 0.381965 0.080729 0.083578
0 0.734375 0.540323 0.098958 0.086510
0 0.625651 0.526393 0.058594 0.052786
0 0.451823 0.343109 0.049479 0.049853
0 0.638021 0.683284 0.075521 0.070381
0 0.577474 0.925220 0.126302 0.149560
0 0.670573 0.887830 0.119792 0.107038
0 0.942708 0.124633 0.065104 0.055718
0 0.856771 0.190616 0.059896 0.070381
