0 0.111437 0.826823 0.085044 0.096354
0 0.158358 0.903646 0.087977 0.070312
0 0.434751 0.925781 0.083578 0.091146
0 0.130499 0.374349 0.093842 0.082031
0 0.164223 0.319661 0.087977 0.087240
0 0.060850 0.235677 0.086510 0.075521
0 0.179619 0.234375 0.074780 0.088542
0 0.265396 0.108073 0.067449 0.080729
0 0.225806 0.031901 0.090909 0.063802
0 0.477273 0.454427 0.068915 0.085938
0 0.274927 0.296224 0.086510 0.079427
0 0.457478 0.137370 0.087977 0.079427
0 0.381965 0.088542 0.083578 0.080729
0 0.540323 0.265625 0.086510 0.098958
0 0.526393 0.374349 0.052786 0.058594
0 0.343109 0.548177 0.049853 0.049479
0 0.683284 0.361979 0.070381 0.075521
0 0.925220 0.422526 0.149560 0.126302
0 0.887830 0.329427 0.107038 0.119792
0 0.124633 0.057292 0.055718 0.065104
0 0.190616 0.143229 0.070381 0.059896
