0 0.320312 0.054252 0.114583 0.105572
0 0.465495 0.112903 0.095052 0.105572
0 0.449219 0.205279 0.111979 0.126100
0 0.434896 0.274194 0.083333 0.093842
0 0.639323 0.101173 0.096354 0.114370
0 0.624349 0.233138 0.082031 0.073314
0 0.723958 0.202346 0.088542 0.096774
0 0.828125 0.310117 0.088542 0.107038
0 0.952474 0.081378 0.095052 0.112903
0 0.958333 0.208944 0.083333 0.101173
0 0.776042 0.049120 0.096354 0.092375
0 0.231771 0.182551 0.093750 0.080645
0 0.180990 0.527126 0.098958 0.089443
0 0.119792 0.640029 0.114583 0.118768
0 0.037109 0.625367 0.071615 0.112903
0 0.078125 0.535191 0.078125 0.087977
0 0.309896 0.404692 0.075521 0.079179
0 0.326172 0.472874 0.082031 0.080645
0 0.281250 0.508798 0.083333 0.090909
0 0.426432 0.480205 0.087240 0.095308
0 0.420573 0.354839 0.072917 0.090909
0 0.498698 0.390762 0.088542 0.107038
0 0.516276 0.324780 0.076823 0.089443
0 0.548177 0.510997 0.088542 0.092375
0 0.670573 0.593109 0.093750 0.109971
0 0.899740 0.384164 0.091146 0.117302
0 0.958333 0.431085 0.078125 0.096774
0 0.897135 0.487537 0.111979 0.124633
0 0.850260 0.583578 0.101562 0.117302
0 0.893880 0.620968 0.102865 0.089443
0 0.859375 0.763196 0.075521 0.095308
0 0.826823 0.837243 0.098958 0.111437
0 0.253255 0.654692 0.097656 0.077713
0 0.310547 0.751466 0.118490 0.139296
0 0.147786 0.861437 0.110677 0.139296
0 0.387370 0.913490 0.102865 0.096774
0 0.487630 0.787390 0.071615 0.096774
0 0.935547 0.933284 0.118490 0.133431
0 0.635417 0.897361 0.119792 0.111437
0 0.072917 0.952346 0.104167 0.095308
0 0.304036 0.870235 0.097656 0.086510
0 0.604167 0.701613 0.067708 0.077713
0 0.078776 0.398094 0.087240 0.101173
0 0.041016 0.398827 0.079427 0.076246
0 0.678385 0.368035 0.104167 0.093842
0 0.881510 0.131232 0.078125 0.092375
0 0.782552 0.906158 0.083333 0.082111
0 0.169922 0.761730 0.082031 0.080645
0 0.210286 0.710411 0.084635 0.095308
0 0.042318 0.689150 0.082031 0.085044
0 0.038411 0.797654 0.074219 0.099707
