0 0.929619 0.130859 0.073314 0.074219
0 0.859971 0.226562 0.086510 0.091146
0 0.766862 0.419922 0.093842 0.074219
0 0.436217 0.455729 0.098240 0.085938
0 0.876100 0.759766 0.074780 0.071615
0 0.817449 0.729818 0.068915 0.063802
0 0.739003 0.166016 0.055718 0.074219
0 0.626100 0.146484 0.073314 0.074219
0 0.588710 0.480469 0.107038 0.085938
0 0.699413 0.667969 0.102639 0.080729
0 0.887097 0.919922 0.114370 0.084635
0 0.773460 0.884766 0.077713 0.071615
0 0.582111 0.740234 0.087977 0.082031
0 0.464809 0.664062 0.073314 0.049479
0 0.435484 0.711589 0.067449 0.061198
0 0.491935 0.747396 0.054252 0.057292
0 0.395161 0.806641 0.095308 0.079427
0 0.517595 0.864583 0.087977 0.078125
0 0.675953 0.839193 0.055718 0.050781
0 0.375367 0.713542 0.073314 0.054688
0 0.351906 0.649740 0.058651 0.052083
0 0.285191 0.606771 0.057185 0.065104
0 0.228739 0.534505 0.061584 0.069010
0 0.292522 0.272135 0.112903 0.085938
0 0.395894 0.250000 0.079179 0.062500
0 0.391496 0.300130 0.102639 0.082031
0 0.484604 0.354818 0.077713 0.069010
0 0.409824 0.375651 0.089443 0.071615
0 0.034457 0.210938 0.068915 0.078125
0 0.032991 0.076172 0.065982 0.089844
0 0.110704 0.298828 0.065982 0.063802
0 0.183284 0.470052 0.058651 0.059896
0 0.129032 0.485677 0.061584 0.057292
0 0.059384 0.493490 0.086510 0.078125
0 0.038123 0.602865 0.052786 0.062500
0 0.202346 0.639974 0.055718 0.050781
0 0.032991 0.772135 0.065982 0.083333
0 0.069648 0.709635 0.051320 0.044271
0 0.125367 0.765625 0.060117 0.054688
0 0.450147 0.901042 0.082111 0.083333
0 0.358504 0.910156 0.086510 0.093750
0 0.304985 0.820964 0.070381 0.069010
0 0.220674 0.852214 0.068915 0.076823
0 0.120235 0.871094 0.082111 0.083333
0 0.144428 0.951823 0.083578 0.083333
0 0.041056 0.895833 0.082111 0.067708
0 0.079179 0.373047 0.093842 0.089844
0 0.554985 0.601562 0.092375 0.075521
0 0.220674 0.591146 0.054252 0.052083
0 0.968475 0.248698 0.060117 0.059896
0 0.605572 0.359375 0.055718 0.052083
0 0.695015 0.501953 0.041056 0.045573
0 0.673021 0.352865 0.052786 0.057292
0 0.561584 0.315104 0.046921 0.046875
0 0.172287 0.692708 0.068915 0.065104
0 0.961877 0.921224 0.073314 0.095052
0 0.296921 0.925130 0.054252 0.048177
