0 0.070381 0.869141 0.073314 0.074219
0 0.140029 0.773438 0.086510 0.091146
0 0.233138 0.580078 0.093842 0.074219
0 0.563783 0.544271 0.098240 0.085938
0 0.123900 0.240234 0.074780 0.071615
0 0.182551 0.270182 0.068915 0.063802
0 0.260997 0.833984 0.055718 0.074219
0 0.373900 0.853516 0.073314 0.074219
0 0.411290 0.519531 0.107038 0.085938
0 0.300587 0.332031 0.102639 0.080729
0 0.112903 0.080078 0.114370 0.084635
0 0.226540 0.115234 0.077713 0.071615
0 0.417889 0.259766 0.087977 0.082031
0 0.535191 0.335938 0.073314 0.049479
0 0.564516 0.288411 0.067449 0.061198
0 0.508065 0.252604 0.054252 0.057292
0 0.604839 0.193359 0.095308 0.079427
0 0.482405 0.135417 0.087977 0.078125
0 0.324047 0.160807 0.055718 0.050781
0 0.624633 0.286458 0.073314 0.054688
0 0.648094 0.350260 0.058651 0.052083
0 0.714809 0.393229 0.057185 0.065104
0 0.771261 0.465495 0.061584 0.069010
0 0.707478 0.727865 0.112903 0.085938
0 0.604106 0.750000 0.079179 0.062500
0 0.608504 0.699870 0.102639 0.082031
0 0.515396 0.645182 0.077713 0.069010
0 0.590176 0.624349 0.089443 0.071615
0 0.965543 0.789062 0.068915 0.078125
0 0.967009 0.923828 0.065982 0.089844
0 0.889296 0.701172 0.065982 0.063802
0 0.816716 0.529948 0.058651 0.059896
0 0.870968 0.514323 0.061584 0.057292
0 0.940616 0.506510 0.086510 0.078125
0 0.961877 0.397135 0.052786 0.062500
0 0.797654 0.360026 0.055718 0.050781
0 0.967009 0.227865 0.065982 0.083333
0 0.930352 0.290365 0.051320 0.044271
0 0.874633 0.234375 0.060117 0.054688
0 0.549853 0.098958 0.082111 0.083333
0 0.641496 0.089844 0.086510 0.093750
0 0.695015 0.179036 0.070381 0.069010
0 0.779326 0.147786 0.068915 0.076823
0 0.879765 0.128906 0.082111 0.083333
0 0.855572 0.048177 0.083578 0.083333
0 0.958944 0.104167 0.082111 0.067708
0 0.920821 0.626953 0.093842 0.089844
0 0.445015 0.398438 0.092375 0.075521
0 0.779326 0.408854 0.054252 0.052083
0 0.031525 0.751302 0.060117 0.059896
0 0.394428 0.640625 0.055718 0.052083
0 0.304985 0.498047 0.041056 0.045573
0 0.326979 0.647135 0.052786 0.057292
0 0.438416 0.684896 0.046921 0.046875
0 0.827713 0.307292 0.068915 0.065104
0 0.038123 0.078776 0.073314 0.095052
0 0.703079 0.074870 0.054252 0.048177
