0 0.869141 0.929619 0.074219 0.073314
0 0.773438 0.859971 0.091146 0.086510
0 0.580078 0.766862 0.074219 0.093842
0 0.544271 0.436217 0.085938 0.098240
0 0.240234 0.876100 0.071615 0.074780
0 0.270182 0.817449 0.063802 0.068915
0 0.833984 0.739003 0.074219 0.055718
0 0.853516 0.626100 0.074219 0.073314
0 0.519531 0.588710 0.085938 0.107038
0 0.332031 0.699413 0.080729 0.102639
0 0.080078 0.887097 0.084635 0.114370
0 0.115234 0.773460 0.071615 0.077713
0 0.259766 0.582111 0.082031 0.087977
0 0.335938 0.464809 0.049479 0.073314
0 0.288411 0.435484 0.061198 0.067449
0 0.252604 0.491935 0.057292 0.054252
0 0.193359 0.395161 0.079427 0.095308
0 0.135417 0.517595 0.078125 0.087977
0 0.160807 0.675953 0.050781 0.055718
0 0.286458 0.375367 0.054688 0.073314
0 0.350260 0.351906 0.052083 0.058651
0 0.393229 0.285191 0.065104 0.057185
0 0.465495 0.228739 0.069010 0.061584
0 0.727865 0.292522 0.085938 0.112903
0 0.750000 0.395894 0.062500 0.079179
0 0.699870 0.391496 0.082031 0.102639
0 0.645182 0.484604 0.069010 0.077713
0 0.624349 0.409824 0.071615 0.089443
0 0.789062 0.034457 0.078125 0.068915
0 0.923828 0.032991 0.089844 0.065982
0 0.701172 0.110704 0.063802 0.065982
0 0.529948 0.183284 0.059896 0.058651
0 0.514323 0.129032 0.057292 0.061584
0 0.506510 0.059384 0.078125 0.086510
0 0.397135 0.038123 0.062500 0.052786
0 0.360026 0.202346 0.050781 0.055718
0 0.227865 0.032991 0.083333 0.065982
0 0.290365 0.069648 0.044271 0.051320
0 0.234375 0.125367 0.054688 0.060117
0 0.098958 0.450147 0.083333 0.082111
0 0.089844 0.358504 0.093750 0.086510
0 0.179036 0.304985 0.069010 0.070381
0 0.147786 0.220674 0.076823 0.068915
0 0.128906 0.120235 0.083333 0.082111
0 0.048177 0.144428 0.083333 0.083578
0 0.104167 0.041056 0.067708 0.082111
0 0.626953 0.079179 0.089844 0.093842
0 0.398438 0.554985 0.075521 0.092375
0 0.408854 0.220674 0.052083 0.054252
0 0.751302 0.968475 0.059896 0.060117
0 0.640625 0.605572 0.052083 0.055718
0 0.498047 0.695015 0.045573 0.041056
0 0.647135 0.673021 0.057292 0.052786
0 0.684896 0.561584 0.046875 0.046921
0 0.307292 0.172287 0.065104 0.068915
0 0.078776 0.961877 0.095052 0.073314
0 0.074870 0.296921 0.048177 0.054252
