0 0.130859 0.070381 0.074219 0.073314
0 0.226562 0.140029 0.091146 0.086510
0 0.419922 0.233138 0.074219 0.093842
0 0.455729 0.563783 0.085938 0.098240
0 0.759766 0.123900 0.071615 0.074780
0 0.729818 0.182551 0.063802 0.068915
0 0.166016 0.260997 0.074219 0.055718
0 0.146484 0.373900 0.074219 0.073314
0 0.480469 0.411290 0.085938 0.107038
0 0.667969 0.300587 0.080729 0.102639
0 0.919922 0.112903 0.084635 0.114370
0 0.884766 0.226540 0.071615 0.077713
0 0.740234 0.417889 0.082031 0.087977
0 0.664062 0.535191 0.049479 0.073314
0 0.711589 0.564516 0.061198 0.067449
0 0.747396 0.508065 0.057292 0.054252
0 0.806641 0.604839 0.079427 0.095308
0 0.864583 0.482405 0.078125 0.087977
0 0.839193 0.324047 0.050781 0.055718
0 0.713542 0.624633 0.054688 0.073314
0 0.649740 0.648094 0.052083 0.058651
0 0.606771 0.714809 0.065104 0.057185
0 0.534505 0.771261 0.069010 0.061584
0 0.272135 0.707478 0.085938 0.112903
0 0.250000 0.604106 0.062500 0.079179
0 0.300130 0.608504 0.082031 0.102639
0 0.354818 0.515396 0.069010 0.077713
0 0.375651 0.590176 0.071615 0.089443
0 0.210938 0.965543 0.078125 0.068915
0 0.076172 0.967009 0.089844 0.065982
0 0.298828 0.889296 0.063802 0.065982
0 0.470052 0.816716 0.059896 0.058651
0 0.485677 0.870968 0.057292 0.061584
0 0.493490 0.940616 0.078125 0.086510
0 0.602865 0.961877 0.062500 0.052786
0 0.639974 0.797654 0.050781 0.055718
0 0.772135 0.967009 0.083333 0.065982
0 0.709635 0.930352 0.044271 0.051320
0 0.765625 0.874633 0.054688 0.060117
0 0.901042 0.549853 0.083333 0.082111
0 0.910156 0.641496 0.093750 0.086510
0 0.820964 0.695015 0.069010 0.070381
0 0.852214 0.779326 0.076823 0.068915
0 0.871094 0.879765 0.083333 0.082111
0 0.951823 0.855572 0.083333 0.083578
0 0.895833 0.958944 0.067708 0.082111
0 0.373047 0.920821 0.089844 0.093842
0 0.601562 0.445015 0.075521 0.092375
0 0.591146 0.779326 0.052083 0.054252
0 0.248698 0.031525 0.059896 0.060117
0 0.359375 0.394428 0.052083 0.055718
0 0.501953 0.304985 0.045573 0.041056
0 0.352865 0.326979 0.057292 0.052786
0 0.315104 0.438416 0.046875 0.046921
0 0.692708 0.827713 0.065104 0.068915
0 0.921224 0.038123 0.095052 0.073314
0 0.925130 0.703079 0.048177 0.054252
