0 0.109375 0.109238 0.109375 0.101173
0 0.044271 0.217009 0.085938 0.102639
0 0.198568 0.197947 0.087240 0.085044
0 0.292318 0.137830 0.074219 0.085044
0 0.358073 0.233871 0.080729 0.080645
0 0.450521 0.063050 0.093750 0.090909
0 0.509115 0.123167 0.080729 0.096774
0 0.918620 0.137830 0.115885 0.126100
0 0.850260 0.261730 0.111979 0.118768
0 0.472656 0.317449 0.052083 0.048387
0 0.505859 0.391496 0.071615 0.073314
0 0.066406 0.302053 0.109375 0.093842
0 0.148438 0.048387 0.104167 0.093842
0 0.618490 0.052053 0.093750 0.095308
0 0.947917 0.038856 0.093750 0.074780
0 0.357422 0.541789 0.089844 0.095308
0 0.190104 0.551320 0.075521 0.070381
0 0.089844 0.479472 0.078125 0.085044
0 0.327474 0.692082 0.063802 0.076246
0 0.247396 0.753666 0.083333 0.085044
0 0.482422 0.749267 0.082031 0.073314
0 0.412109 0.851173 0.079427 0.071848
0 0.583984 0.834311 0.082031 0.105572
0 0.720052 0.662757 0.098958 0.087977
0 0.852214 0.563783 0.113281 0.109971
0 0.824870 0.774927 0.087240 0.083578
0 0.067057 0.771261 0.089844 0.079179
0 0.666016 0.931818 0.089844 0.060117
0 0.747396 0.947947 0.083333 0.086510
0 0.861979 0.887097 0.093750 0.108504
0 0.832682 0.428886 0.110677 0.089443
0 0.641276 0.468475 0.089844 0.118768
0 0.337891 0.866569 0.084635 0.064516
0 0.387370 0.925953 0.082031 0.071848
1 0.194010 0.653959 0.075521 0.093842
