0 0.890625 0.890762 0.109375 0.101173
0 0.955729 0.782991 0.085938 0.102639
0 0.801432 0.802053 0.087240 0.085044
0 0.707682 0.862170 0.074219 0.085044
0 0.641927 0.766129 0.080729 0.080645
0 0.549479 0.936950 0.093750 0.090909
0 0.490885 0.876833 0.080729 0.096774
0 0.081380 0.862170 0.115885 0.126100
0 0.149740 0.738270 0.111979 0.118768
0 0.527344 0.682551 0.052083 0.048387
0 0.494141 0.608504 0.071615 0.073314
0 0.933594 0.697947 0.109375 0.093842
0 0.851562 0.951613 0.104167 0.093842
0 0.381510 0.947947 0.093750 0.095308
0 0.052083 0.961144 0.093750 0.074780
0 0.642578 0.458211 0.089844 0.095308
0 0.809896 0.448680 0.075521 0.070381
0 0.910156 0.520528 0.078125 0.085044
0 0.672526 0.307918 0.063802 0.076246
0 0.752604 0.246334 0.083333 0.085044
0 0.517578 0.250733 0.082031 0.073314
0 0.587891 0.148827 0.079427 0.071848
0 0.416016 0.165689 0.082031 0.105572
0 0.279948 0.337243 0.098958 0.087977
0 0.147786 0.436217 0.113281 0.109971
0 0.175130 0.225073 0.087240 0.083578
0 0.932943 0.228739 0.089844 0.079179
0 0.333984 0.068182 0.089844 0.060117
0 0.252604 0.052053 0.083333 0.086510
0 0.138021 0.112903 0.093750 0.108504
0 0.167318 0.571114 0.110677 0.089443
0 0.358724 0.531525 0.089844 0.118768
0 0.662109 0.133431 0.084635 0.064516
0 0.612630 0.074047 0.082031 0.071848
1 0.805990 0.346041 0.075521 0.093842
