0 0.890762 0.109375 0.101173 0.109375
0 0.782991 0.044271 0.102639 0.085938
0 0.802053 0.198568 0.085044 0.087240
0 0.862170 0.292318 0.085044 0.074219
0 0.766129 0.358073 0.080645 0.080729
0 0.936950 0.450521 0.090909 0.093750
0 0.876833 0.509115 0.096774 0.080729
0 0.862170 0.918620 0.126100 0.115885
0 0.738270 0.850260 0.118768 0.111979
0 0.682551 0.472656 0.048387 0.052083
0 0.608504 0.505859 0.073314 0.071615
0 0.697947 0.066406 0.093842 0.109375
0 0.951613 0.148438 0.093842 0.104167
0 0.947947 0.618490 0.095308 0.093750
0 0.961144 0.947917 0.074780 0.093750
0 0.458211 0.357422 0.095308 0.089844
0 0.448680 0.190104 0.070381 0.075521
0 0.520528 0.089844 0.085044 0.078125
0 0.307918 0.327474 0.076246 0.063802
0 0.246334 0.247396 0.085044 0.083333
0 0.250733 0.482422 0.073314 0.082031
0 0.148827 0.412109 0.071848 0.079427
0 0.165689 0.583984 0.105572 0.082031
0 0.337243 0.720052 0.087977 0.098958
0 0.436217 0.852214 0.109971 0.113281
0 0.225073 0.824870 0.083578 0.087240
0 0.228739 0.067057 0.079179 0.089844
0 0.068182 0.666016 0.060117 0.089844
0 0.052053 0.747396 0.086510 0.083333
0 0.112903 0.861979 0.108504 0.093750
0 0.571114 0.832682 0.089443 0.110677
0 0.531525 0.641276 0.118768 0.089844
0 0.133431 0.337891 0.064516 0.084635
0 0.074047 0.387370 0.071848 0.082031
1 0.346041 0.194010 0.093842 0.075521
