0 0.914223 0.345052 0.162757 0.153646
0 0.721408 0.266927 0.140762 0.122396
0 0.545455 0.096354 0.131965 0.117188
0 0.567449 0.352214 0.131965 0.134115
0 0.718475 0.602865 0.158358 0.125000
0 0.890762 0.637370 0.153959 0.136719
0 0.707478 0.910156 0.104106 0.098958
0 0.919355 0.902344 0.079179 0.083333
0 0.951613 0.763021 0.093842 0.145833
0 0.399560 0.347656 0.153959 0.122396
0 0.478006 0.428385 0.105572 0.072917
0 0.647361 0.437500 0.130499 0.104167
0 0.165689 0.171224 0.214076 0.162760
0 0.286657 0.490234 0.121701 0.092448
0 0.368768 0.676432 0.127566 0.110677
0 0.249267 0.636719 0.117302 0.125000
0 0.151760 0.492188 0.165689 0.132812
0 0.070381 0.914062 0.079179 0.075521
0 0.052053 0.635417 0.104106 0.093750
