0 0.071848 0.881510 0.087977 0.091146
0 0.104839 0.763021 0.095308 0.091146
0 0.038856 0.807292 0.074780 0.075521
0 0.042522 0.622396 0.073314 0.083333
0 0.209677 0.834635 0.087977 0.096354
0 0.245601 0.664062 0.124633 0.127604
0 0.379032 0.654297 0.092375 0.105469
0 0.480938 0.772135 0.170088 0.166667
0 0.201613 0.927734 0.089443 0.087240
0 0.272727 0.453776 0.096774 0.084635
0 0.236804 0.180990 0.107038 0.111979
0 0.350440 0.291667 0.099707 0.109375
0 0.082111 0.535807 0.108504 0.092448
0 0.117302 0.363932 0.108504 0.087240
0 0.370235 0.154948 0.109971 0.078125
0 0.520528 0.429036 0.111437 0.147135
0 0.686217 0.490234 0.102639 0.092448
0 0.504399 0.246745 0.105572 0.084635
0 0.588710 0.139974 0.115836 0.118490
0 0.761730 0.728516 0.136364 0.128906
0 0.788123 0.599609 0.109971 0.121094
0 0.893695 0.682292 0.118768 0.125000
0 0.865836 0.423177 0.109971 0.101562
0 0.599707 0.456380 0.076246 0.113281
0 0.709677 0.879557 0.102639 0.108073
0 0.862903 0.188802 0.112903 0.096354
0 0.420088 0.518229 0.083578 0.067708
0 0.738270 0.408203 0.092375 0.102865
0 0.895161 0.591797 0.118768 0.115885
0 0.138563 0.451172 0.074780 0.071615
