0 0.928152 0.118490 0.087977 0.091146
0 0.895161 0.236979 0.095308 0.091146
0 0.961144 0.192708 0.074780 0.075521
0 0.957478 0.377604 0.073314 0.083333
0 0.790323 0.165365 0.087977 0.096354
0 0.754399 0.335938 0.124633 0.127604
0 0.620968 0.345703 0.092375 0.105469
0 0.519062 0.227865 0.170088 0.166667
0 0.798387 0.072266 0.089443 0.087240
0 0.727273 0.546224 0.096774 0.084635
0 0.763196 0.819010 0.107038 0.111979
0 0.649560 0.708333 0.099707 0.109375
0 0.917889 0.464193 0.108504 0.092448
0 0.882698 0.636068 0.108504 0.087240
0 0.629765 0.845052 0.109971 0.078125
0 0.479472 0.570964 0.111437 0.147135
0 0.313783 0.509766 0.102639 0.092448
0 0.495601 0.753255 0.105572 0.084635
0 0.411290 0.860026 0.115836 0.118490
0 0.238270 0.271484 0.136364 0.128906
0 0.211877 0.400391 0.109971 0.121094
0 0.106305 0.317708 0.118768 0.125000
0 0.134164 0.576823 0.109971 0.101562
0 0.400293 0.543620 0.076246 0.113281
0 0.290323 0.120443 0.102639 0.108073
0 0.137097 0.811198 0.112903 0.096354
0 0.579912 0.481771 0.083578 0.067708
0 0.261730 0.591797 0.092375 0.102865
0 0.104839 0.408203 0.118768 0.115885
0 0.861437 0.548828 0.074780 0.071615
