1 0.502500 0.502344 0.173333 0.111979
1 0.224167 0.333854 0.131667 0.066667
1 0.801667 0.528385 0.086667 0.051562
1 0.467917 0.682031 0.035833 0.023438
1 0.468333 0.651302 0.046667 0.027604
1 0.470000 0.622135 0.035000 0.023438
1 0.531250 0.610677 0.034167 0.025521
1 0.577083 0.640885 0.044167 0.026562
1 0.572917 0.714323 0.049167 0.029687
1 0.512917 0.727604 0.045833 0.029167
1 0.518750 0.696615 0.039167 0.031771
0 0.293333 0.707813 0.023333 0.016667
1 0.774167 0.381250 0.098333 0.054167
1 0.819583 0.289323 0.127500 0.058854
