1 0.497500 0.497656 0.173333 0.111979
1 0.775833 0.666146 0.131667 0.066667
1 0.198333 0.471615 0.086667 0.051562
1 0.532083 0.317969 0.035833 0.023438
1 0.531667 0.348698 0.046667 0.027604
1 0.530000 0.377865 0.035000 0.023438
1 0.468750 0.389323 0.034167 0.025521
1 0.422917 0.359115 0.044167 0.026562
1 0.427083 0.285677 0.049167 0.029687
1 0.487083 0.272396 0.045833 0.029167
1 0.481250 0.303385 0.039167 0.031771
0 0.706667 0.292187 0.023333 0.016667
1 0.225833 0.618750 0.098333 0.054167
1 0.180417 0.710677 0.127500 0.058854
