0 0.552734 0.835777 0.087240 0.099707
0 0.397786 0.846041 0.100260 0.117302
0 0.266276 0.953812 0.084635 0.089443
0 0.159505 0.925220 0.089844 0.102639
0 0.129557 0.796921 0.084635 0.107038
0 0.578776 0.708211 0.084635 0.093842
0 0.417318 0.681818 0.087240 0.090909
0 0.246094 0.642229 0.088542 0.114370
0 0.157552 0.549853 0.138021 0.140762
0 0.777995 0.703812 0.113281 0.120235
0 0.894531 0.715543 0.096354 0.108504
0 0.956380 0.434751 0.084635 0.153959
0 0.598958 0.477273 0.106771 0.112903
0 0.445964 0.477273 0.100260 0.121701
0 0.437500 0.329179 0.101562 0.115836
0 0.435547 0.231672 0.128906 0.129032
0 0.579427 0.328446 0.093750 0.140762
0 0.279297 0.414223 0.097656 0.112903
0 0.270182 0.331378 0.087240 0.131965
0 0.262370 0.177419 0.118490 0.134897
0 0.041016 0.134164 0.082031 0.109971
0 0.738932 0.042522 0.102865 0.085044
0 0.800781 0.408358 0.101562 0.104106
0 0.868490 0.193548 0.075521 0.082111
