0 0.935484 0.093750 0.102639 0.091146
0 0.907625 0.147786 0.117302 0.095052
0 0.852639 0.200521 0.109971 0.104167
0 0.914956 0.302083 0.085044 0.065104
0 0.849707 0.327474 0.080645 0.063802
0 0.890029 0.566406 0.093842 0.070312
0 0.844575 0.660156 0.076246 0.065104
0 0.932551 0.652344 0.067449 0.062500
0 0.819648 0.714844 0.067449 0.057292
0 0.715543 0.320964 0.070381 0.079427
0 0.584311 0.610677 0.115836 0.093750
0 0.928152 0.024740 0.105572 0.046875
0 0.425953 0.052083 0.101173 0.075521
0 0.332111 0.057943 0.101173 0.084635
0 0.410557 0.431641 0.096774 0.076823
0 0.493402 0.498047 0.068915 0.069010
0 0.493402 0.711589 0.080645 0.055990
0 0.388563 0.958333 0.096774 0.080729
0 0.153226 0.289714 0.086510 0.063802
0 0.252199 0.307943 0.096774 0.084635
0 0.112170 0.091146 0.089443 0.080729
0 0.685484 0.375651 0.065982 0.053385
0 0.449413 0.111328 0.095308 0.089844
0 0.173021 0.394531 0.085044 0.080729
0 0.046921 0.031901 0.073314 0.061198
