0 0.064516 0.906250 0.102639 0.091146
0 0.092375 0.852214 0.117302 0.095052
0 0.147361 0.799479 0.109971 0.104167
0 0.085044 0.697917 0.085044 0.065104
0 0.150293 0.672526 0.080645 0.063802
0 0.109971 0.433594 0.093842 0.070312
0 0.155425 0.339844 0.076246 0.065104
0 0.067449 0.347656 0.067449 0.062500
0 0.180352 0.285156 0.067449 0.057292
0 0.284457 0.679036 0.070381 0.079427
0 0.415689 0.389323 0.115836 0.093750
0 0.071848 0.975260 0.105572 0.046875
0 0.574047 0.947917 0.101173 0.075521
0 0.667889 0.942057 0.101173 0.084635
0 0.589443 0.568359 0.096774 0.076823
0 0.506598 0.501953 0.068915 0.069010
0 0.506598 0.288411 0.080645 0.055990
0 0.611437 0.041667 0.096774 0.080729
0 0.846774 0.710286 0.086510 0.063802
0 0.747801 0.692057 0.096774 0.084635
0 0.887830 0.908854 0.089443 0.080729
0 0.314516 0.624349 0.065982 0.053385
0 0.550587 0.888672 0.095308 0.089844
0 0.826979 0.605469 0.085044 0.080729
0 0.953079 0.968099 0.073314 0.061198
