0 0.401693 0.050587 0.079427 0.092375
0 0.474609 0.211877 0.079427 0.080645
0 0.553385 0.108504 0.085938 0.099707
0 0.304688 0.045455 0.098958 0.087977
0 0.615234 0.318915 0.089844 0.086510
0 0.582682 0.219941 0.084635 0.087977
0 0.695312 0.362903 0.072917 0.074780
0 0.384766 0.480205 0.074219 0.083578
0 0.480469 0.403226 0.059896 0.079179
0 0.433594 0.412023 0.080729 0.085044
0 0.309896 0.332111 0.080729 0.098240
0 0.352865 0.302786 0.075521 0.071848
0 0.155599 0.353372 0.084635 0.085044
0 0.238932 0.447214 0.074219 0.087977
0 0.093099 0.510997 0.089844 0.092375
0 0.860677 0.387097 0.078125 0.090909
0 0.713542 0.493402 0.096354 0.127566
0 0.880859 0.585777 0.089844 0.112903
0 0.912760 0.033724 0.072917 0.064516
0 0.140625 0.728006 0.093750 0.098240
0 0.171875 0.782991 0.075521 0.067449
0 0.225911 0.863636 0.082031 0.102639
0 0.348958 0.727273 0.096354 0.105572
0 0.597656 0.793255 0.072917 0.105572
0 0.702474 0.807185 0.082031 0.077713
0 0.835938 0.834311 0.104167 0.120235
0 0.518229 0.817449 0.101562 0.098240
0 0.940755 0.858504 0.074219 0.080645
0 0.261068 0.887097 0.061198 0.073314
0 0.039714 0.665689 0.066406 0.085044
0 0.466797 0.273460 0.079427 0.092375
0 0.799479 0.700147 0.117188 0.112903
0 0.935547 0.711144 0.076823 0.073314
0 0.483073 0.667155 0.085938 0.093842
0 0.537760 0.477273 0.085938 0.095308
