0 0.598307 0.949413 0.079427 0.092375
0 0.525391 0.788123 0.079427 0.080645
0 0.446615 0.891496 0.085938 0.099707
0 0.695312 0.954545 0.098958 0.087977
0 0.384766 0.681085 0.089844 0.086510
0 0.417318 0.780059 0.084635 0.087977
0 0.304688 0.637097 0.072917 0.074780
0 0.615234 0.519795 0.074219 0.083578
0 0.519531 0.596774 0.059896 0.079179
0 0.566406 0.587977 0.080729 0.085044
0 0.690104 0.667889 0.080729 0.098240
0 0.647135 0.697214 0.075521 0.071848
0 0.844401 0.646628 0.084635 0.085044
0 0.761068 0.552786 0.074219 0.087977
0 0.906901 0.489003 0.089844 0.092375
0 0.139323 0.612903 0.078125 0.090909
0 0.286458 0.506598 0.096354 0.127566
0 0.119141 0.414223 0.089844 0.112903
0 0.087240 0.966276 0.072917 0.064516
0 0.859375 0.271994 0.093750 0.098240
0 0.828125 0.217009 0.075521 0.067449
0 0.774089 0.136364 0.082031 0.102639
0 0.651042 0.272727 0.096354 0.105572
0 0.402344 0.206745 0.072917 0.105572
0 0.297526 0.192815 0.082031 0.077713
0 0.164062 0.165689 0.104167 0.120235
0 0.481771 0.182551 0.101562 0.098240
0 0.059245 0.141496 0.074219 0.080645
0 0.738932 0.112903 0.061198 0.073314
0 0.960286 0.334311 0.066406 0.085044
0 0.533203 0.726540 0.079427 0.092375
0 0.200521 0.299853 0.117188 0.112903
0 0.064453 0.288856 0.076823 0.073314
0 0.516927 0.332845 0.085938 0.093842
0 0.462240 0.522727 0.085938 0.095308
