0 0.050587 0.598307 0.092375 0.079427
0 0.211877 0.525391 0.080645 0.079427
0 0.108504 0.446615 0.099707 0.085938
0 0.045455 0.695312 0.087977 0.098958
0 0.318915 0.384766 0.086510 0.089844
0 0.219941 0.417318 0.087977 0.084635
0 0.362903 0.304688 0.074780 0.072917
0 0.480205 0.615234 0.083578 0.074219
0 0.403226 0.519531 0.079179 0.059896
0 0.412023 0.566406 0.085044 0.080729
0 0.332111 0.690104 0.098240 0.080729
0 0.302786 0.647135 0.071848 0.075521
0 0.353372 0.844401 0.085044 0.084635
0 0.447214 0.761068 0.087977 0.074219
0 0.510997 0.906901 0.092375 0.089844
0 0.387097 0.139323 0.090909 0.078125
0 0.493402 0.286458 0.127566 0.096354
0 0.585777 0.119141 0.112903 0.089844
0 0.033724 0.087240 0.064516 0.072917
0 0.728006 0.859375 0.098240 0.093750
0 0.782991 0.828125 0.067449 0.075521
0 0.863636 0.774089 0.102639 0.082031
0 0.727273 0.651042 0.105572 0.096354
0 0.793255 0.402344 0.105572 0.072917
0 0.807185 0.297526 0.077713 0.082031
0 0.834311 0.164062 0.120235 0.104167
0 0.817449 0.481771 0.098240 0.101562
0 0.858504 0.059245 0.080645 0.074219
0 0.887097 0.738932 0.073314 0.061198
0 0.665689 0.960286 0.085044 0.066406
0 0.273460 0.533203 0.092375 0.079427
0 0.700147 0.200521 0.112903 0.117188
0 0.711144 0.064453 0.073314 0.076823
0 0.667155 0.516927 0.093842 0.085938
0 0.477273 0.462240 0.095308 0.085938
