0 0.663490 0.071615 0.109971 0.114583
0 0.907625 0.330729 0.126100 0.111979
0 0.850440 0.415365 0.082111 0.106771
0 0.747067 0.402344 0.101173 0.111979
0 0.619501 0.546224 0.101173 0.084635
0 0.695015 0.660807 0.140762 0.152344
0 0.781525 0.723958 0.134897 0.088542
0 0.832111 0.774089 0.151026 0.131510
0 0.473607 0.494141 0.111437 0.092448
0 0.265396 0.323568 0.137830 0.115885
0 0.238270 0.243490 0.124633 0.125000
0 0.139296 0.369792 0.137830 0.156250
0 0.197214 0.578776 0.115836 0.102865
0 0.134897 0.642578 0.129032 0.100260
0 0.085044 0.043620 0.114370 0.084635
0 0.033724 0.093750 0.067449 0.117188
0 0.434751 0.270833 0.086510 0.096354
0 0.445015 0.082031 0.077713 0.119792
0 0.738270 0.220052 0.107038 0.109375
0 0.648827 0.384115 0.098240 0.093750
0 0.306452 0.845703 0.090909 0.089844
0 0.299853 0.573568 0.145161 0.170573
