0 0.336510 0.928385 0.109971 0.114583
0 0.092375 0.669271 0.126100 0.111979
0 0.149560 0.584635 0.082111 0.106771
0 0.252933 0.597656 0.101173 0.111979
0 0.380499 0.453776 0.101173 0.084635
0 0.304985 0.339193 0.140762 0.152344
0 0.218475 0.276042 0.134897 0.088542
0 0.167889 0.225911 0.151026 0.131510
0 0.526393 0.505859 0.111437 0.092448
0 0.734604 0.676432 0.137830 0.115885
0 0.761730 0.756510 0.124633 0.125000
0 0.860704 0.630208 0.137830 0.156250
0 0.802786 0.421224 0.115836 0.102865
0 0.865103 0.357422 0.129032 0.100260
0 0.914956 0.956380 0.114370 0.084635
0 0.966276 0.906250 0.067449 0.117188
0 0.565249 0.729167 0.086510 0.096354
0 0.554985 0.917969 0.077713 0.119792
0 0.261730 0.779948 0.107038 0.109375
0 0.351173 0.615885 0.098240 0.093750
0 0.693548 0.154297 0.090909 0.089844
0 0.700147 0.426432 0.145161 0.170573
