0 0.928385 0.663490 0.114583 0.109971
0 0.669271 0.907625 0.111979 0.126100
0 0.584635 0.850440 0.106771 0.082111
0 0.597656 0.747067 0.111979 0.101173
0 0.453776 0.619501 0.084635 0.101173
0 0.339193 0.695015 0.152344 0.140762
0 0.276042 0.781525 0.088542 0.134897
0 0.225911 0.832111 0.131510 0.151026
0 0.505859 0.473607 0.092448 0.111437
0 0.676432 0.265396 0.115885 0.137830
0 0.756510 0.238270 0.125000 0.124633
0 0.630208 0.139296 0.156250 0.137830
0 0.421224 0.197214 0.102865 0.115836
0 0.357422 0.134897 0.100260 0.129032
0 0.956380 0.085044 0.084635 0.114370
0 0.906250 0.033724 0.117188 0.067449
0 0.729167 0.434751 0.096354 0.086510
0 0.917969 0.445015 0.119792 0.077713
0 0.779948 0.738270 0.109375 0.107038
0 0.615885 0.648827 0.093750 0.098240
0 0.154297 0.306452 0.089844 0.090909
0 0.426432 0.299853 0.170573 0.145161
