0 0.071615 0.336510 0.114583 0.109971
0 0.330729 0.092375 0.111979 0.126100
0 0.415365 0.149560 0.106771 0.082111
0 0.402344 0.252933 0.111979 0.101173
0 0.546224 0.380499 0.084635 0.101173
0 0.660807 0.304985 0.152344 0.140762
0 0.723958 0.218475 0.088542 0.134897
0 0.774089 0.167889 0.131510 0.151026
0 0.494141 0.526393 0.092448 0.111437
0 0.323568 0.734604 0.115885 0.137830
0 0.243490 0.761730 0.125000 0.124633
0 0.369792 0.860704 0.156250 0.137830
0 0.578776 0.802786 0.102865 0.115836
0 0.642578 0.865103 0.100260 0.129032
0 0.043620 0.914956 0.084635 0.114370
0 0.093750 0.966276 0.117188 0.067449
0 0.270833 0.565249 0.096354 0.086510
0 0.082031 0.554985 0.119792 0.077713
0 0.220052 0.261730 0.109375 0.107038
0 0.384115 0.351173 0.093750 0.098240
0 0.845703 0.693548 0.089844 0.090909
0 0.573568 0.700147 0.170573 0.145161
