0 0.164956 0.877604 0.145161 0.148438
0 0.096041 0.761719 0.139296 0.132812
0 0.059384 0.646484 0.115836 0.141927
0 0.087977 0.535156 0.117302 0.117188
0 0.147361 0.427734 0.145161 0.141927
0 0.217009 0.113281 0.181818 0.166667
0 0.250733 0.685547 0.167155 0.160156
0 0.313783 0.846354 0.105572 0.101562
0 0.363636 0.734375 0.082111 0.088542
0 0.227273 0.521484 0.131965 0.162760
0 0.366569 0.491536 0.137830 0.115885
0 0.353372 0.196615 0.170088 0.148438
0 0.576979 0.801432 0.165689 0.178385
0 0.526393 0.652995 0.123167 0.115885
0 0.559384 0.505208 0.133431 0.151042
0 0.763196 0.625000 0.142229 0.145833
0 0.584311 0.247396 0.107038 0.138021
0 0.458944 0.082682 0.155425 0.165365
0 0.789589 0.289062 0.136364 0.177083
0 0.592375 0.101562 0.134897 0.132812
0 0.506598 0.891276 0.136364 0.121094
0 0.835044 0.412760 0.101173 0.109375
0 0.952346 0.354167 0.095308 0.106771
0 0.785191 0.082031 0.127566 0.132812
0 0.927419 0.192057 0.104106 0.136719
0 0.136364 0.359375 0.131965 0.106771
