0 0.835044 0.122396 0.145161 0.148438
0 0.903959 0.238281 0.139296 0.132812
0 0.940616 0.353516 0.115836 0.141927
0 0.912023 0.464844 0.117302 0.117188
0 0.852639 0.572266 0.145161 0.141927
0 0.782991 0.886719 0.181818 0.166667
0 0.749267 0.314453 0.167155 0.160156
0 0.686217 0.153646 0.105572 0.101562
0 0.636364 0.265625 0.082111 0.088542
0 0.772727 0.478516 0.131965 0.162760
0 0.633431 0.508464 0.137830 0.115885
0 0.646628 0.803385 0.170088 0.148438
0 0.423021 0.198568 0.165689 0.178385
0 0.473607 0.347005 0.123167 0.115885
0 0.440616 0.494792 0.133431 0.151042
0 0.236804 0.375000 0.142229 0.145833
0 0.415689 0.752604 0.107038 0.138021
0 0.541056 0.917318 0.155425 0.165365
0 0.210411 0.710938 0.136364 0.177083
0 0.407625 0.898438 0.134897 0.132812
0 0.493402 0.108724 0.136364 0.121094
0 0.164956 0.587240 0.101173 0.109375
0 0.047654 0.645833 0.095308 0.106771
0 0.214809 0.917969 0.127566 0.132812
0 0.072581 0.807943 0.104106 0.136719
0 0.863636 0.640625 0.131965 0.106771
