0 0.859375 0.894428 0.127604 0.123167
0 0.934245 0.944282 0.126302 0.108504
0 0.685547 0.796188 0.092448 0.090909
0 0.774740 0.692815 0.093750 0.095308
0 0.477865 0.832111 0.132812 0.139296
0 0.332031 0.848974 0.138021 0.111437
0 0.513021 0.770528 0.122396 0.112903
0 0.852865 0.821114 0.104167 0.114370
0 0.851562 0.597507 0.104167 0.109971
0 0.905599 0.412023 0.121094 0.120235
0 0.944010 0.457478 0.109375 0.175953
0 0.628906 0.494868 0.111979 0.112903
0 0.477214 0.547654 0.113281 0.107038
0 0.402344 0.510997 0.125000 0.115836
0 0.118490 0.587243 0.091146 0.127566
0 0.035807 0.730938 0.071615 0.112903
0 0.082682 0.409824 0.123698 0.130499
0 0.205729 0.453812 0.085938 0.104106
0 0.367839 0.391496 0.108073 0.096774
0 0.567708 0.222874 0.127604 0.117302
0 0.473958 0.262463 0.122396 0.111437
0 0.916667 0.306452 0.117188 0.111437
0 0.408854 0.172287 0.088542 0.107038
0 0.171224 0.358504 0.079427 0.080645
0 0.223307 0.183284 0.079427 0.087977
0 0.283203 0.186217 0.089844 0.082111
0 0.580078 0.052786 0.100260 0.105572
0 0.908854 0.554252 0.122396 0.099707
0 0.618490 0.565982 0.070312 0.070381
