0 0.775391 0.651760 0.089844 0.083578
0 0.729167 0.596041 0.085938 0.092375
0 0.148438 0.861437 0.070312 0.077713
0 0.613932 0.654692 0.066406 0.071848
0 0.367188 0.710411 0.067708 0.071848
0 0.165365 0.609971 0.091146 0.120235
0 0.123047 0.535924 0.069010 0.077713
0 0.052083 0.343109 0.075521 0.108504
0 0.234375 0.307918 0.080729 0.102639
0 0.109375 0.255132 0.085938 0.082111
0 0.960938 0.420821 0.075521 0.079179
0 0.829427 0.122434 0.096354 0.098240
0 0.481771 0.051320 0.091146 0.099707
0 0.377604 0.103372 0.114583 0.107038
0 0.272786 0.533724 0.063802 0.055718
0 0.029948 0.060117 0.059896 0.102639
