0 0.070381 0.850911 0.087977 0.089844
0 0.159824 0.852865 0.096774 0.117188
0 0.263196 0.933594 0.109971 0.117188
0 0.067449 0.560547 0.079179 0.076823
0 0.185484 0.297526 0.089443 0.102865
0 0.231672 0.370443 0.090909 0.084635
0 0.375367 0.261068 0.079179 0.069010
0 0.313050 0.500000 0.077713 0.078125
0 0.421554 0.622396 0.095308 0.075521
0 0.453079 0.535807 0.105572 0.076823
0 0.494868 0.184245 0.083578 0.084635
0 0.469208 0.082682 0.090909 0.092448
0 0.376100 0.048828 0.060117 0.069010
0 0.680352 0.117188 0.120235 0.109375
0 0.705279 0.191406 0.114370 0.106771
0 0.481672 0.505208 0.083578 0.104167
0 0.602639 0.658203 0.067449 0.063802
0 0.796921 0.455078 0.092375 0.082031
0 0.840176 0.415365 0.087977 0.098958
0 0.865836 0.316406 0.098240 0.106771
0 0.895894 0.271484 0.085044 0.071615
0 0.934751 0.217448 0.071848 0.075521
0 0.865103 0.152344 0.067449 0.083333
0 0.799853 0.106120 0.080645 0.079427
0 0.840909 0.046224 0.112903 0.092448
0 0.961877 0.137370 0.070381 0.079427
0 0.728739 0.271484 0.087977 0.074219
0 0.844575 0.531901 0.105572 0.115885
0 0.784457 0.356120 0.079179 0.087240
