0 0.929619 0.149089 0.087977 0.089844
0 0.840176 0.147135 0.096774 0.117188
0 0.736804 0.066406 0.109971 0.117188
0 0.932551 0.439453 0.079179 0.076823
0 0.814516 0.702474 0.089443 0.102865
0 0.768328 0.629557 0.090909 0.084635
0 0.624633 0.738932 0.079179 0.069010
0 0.686950 0.500000 0.077713 0.078125
0 0.578446 0.377604 0.095308 0.075521
0 0.546921 0.464193 0.105572 0.076823
0 0.505132 0.815755 0.083578 0.084635
0 0.530792 0.917318 0.090909 0.092448
0 0.623900 0.951172 0.060117 0.069010
0 0.319648 0.882812 0.120235 0.109375
0 0.294721 0.808594 0.114370 0.106771
0 0.518328 0.494792 0.083578 0.104167
0 0.397361 0.341797 0.067449 0.063802
0 0.203079 0.544922 0.092375 0.082031
0 0.159824 0.584635 0.087977 0.098958
0 0.134164 0.683594 0.098240 0.106771
0 0.104106 0.728516 0.085044 0.071615
0 0.065249 0.782552 0.071848 0.075521
0 0.134897 0.847656 0.067449 0.083333
0 0.200147 0.893880 0.080645 0.079427
0 0.159091 0.953776 0.112903 0.092448
0 0.038123 0.862630 0.070381 0.079427
0 0.271261 0.728516 0.087977 0.074219
0 0.155425 0.468099 0.105572 0.115885
0 0.215543 0.643880 0.079179 0.087240
