0 0.938477 0.960205 0.026693 0.021973
0 0.871094 0.955566 0.039062 0.020508
0 0.908203 0.962158 0.029948 0.020996
0 0.832357 0.961914 0.020182 0.019531
0 0.846354 0.987305 0.035156 0.022461
0 0.797526 0.933350 0.033854 0.017090
0 0.825846 0.894043 0.035807 0.026367
0 0.747721 0.919922 0.034505 0.022461
0 0.739909 0.903564 0.038411 0.020020
0 0.757161 0.960205 0.036458 0.020020
0 0.977214 0.901123 0.032552 0.020996
0 0.962891 0.947754 0.033854 0.022461
0 0.772461 0.906250 0.024089 0.014648
0 0.788411 0.888672 0.024740 0.018555
0 0.753906 0.874756 0.019531 0.015137
0 0.767578 0.891357 0.022135 0.011230
0 0.723307 0.880859 0.036458 0.023438
0 0.761068 0.854248 0.023438 0.014160
0 0.790365 0.854492 0.023438 0.017578
0 0.860677 0.879150 0.023438 0.016113
0 0.672201 0.848633 0.035807 0.021484
0 0.803711 0.820557 0.035807 0.022949
0 0.825195 0.836670 0.027995 0.018066
0 0.971680 0.866211 0.029297 0.017578
0 0.900065 0.815918 0.031901 0.024414
0 0.844727 0.801758 0.034505 0.019531
0 0.707682 0.792969 0.029948 0.020508
0 0.486328 0.911133 0.033854 0.025391
0 0.556641 0.828613 0.032552 0.021484
0 0.519531 0.815674 0.033854 0.025879
0 0.475911 0.820068 0.022135 0.018066
0 0.396484 0.801025 0.031250 0.022949
0 0.366862 0.798584 0.031901 0.030762
0 0.281576 0.781250 0.029297 0.021484
0 0.153646 0.780518 0.031250 0.028809
0 0.109375 0.778564 0.028646 0.025879
0 0.162760 0.746094 0.032552 0.028320
0 0.251628 0.745117 0.029297 0.024414
0 0.290039 0.736816 0.027995 0.024414
0 0.291667 0.759766 0.027344 0.020508
0 0.319010 0.762939 0.028646 0.022949
0 0.370117 0.748535 0.038411 0.026367
0 0.478841 0.745605 0.034505 0.018555
0 0.418294 0.732422 0.024089 0.024414
0 0.339193 0.739258 0.024740 0.018555
0 0.621745 0.790527 0.028646 0.016602
0 0.567057 0.793945 0.027344 0.024414
0 0.657552 0.773193 0.036458 0.026855
0 0.545573 0.800049 0.015625 0.013184
0 0.638346 0.823975 0.020182 0.015137
0 0.812500 0.781982 0.031250 0.017090
0 0.794596 0.798096 0.026693 0.018066
0 0.867188 0.782959 0.032552 0.019043
0 0.941732 0.762939 0.026693 0.018066
0 0.980143 0.761719 0.030599 0.020508
0 0.900065 0.753418 0.031901 0.021484
0 0.881185 0.712402 0.033203 0.021484
0 0.990234 0.699951 0.018229 0.021973
0 0.817057 0.688965 0.028646 0.020508
0 0.870443 0.679199 0.032552 0.017578
0 0.824219 0.711182 0.036458 0.024902
0 0.763346 0.757080 0.025391 0.020020
0 0.736979 0.751709 0.028646 0.017090
0 0.694010 0.708496 0.033854 0.026367
0 0.754232 0.671631 0.039714 0.021973
0 0.740560 0.656250 0.035807 0.016602
0 0.712891 0.657959 0.035156 0.027832
0 0.694336 0.663086 0.033203 0.018555
0 0.639648 0.746094 0.029297 0.020508
0 0.638346 0.718262 0.031901 0.020508
0 0.838216 0.759277 0.035807 0.021484
0 0.518229 0.687012 0.027344 0.021484
0 0.604492 0.664795 0.042318 0.026855
0 0.286133 0.656982 0.029297 0.022949
0 0.183919 0.635986 0.038411 0.024902
0 0.199544 0.609375 0.035807 0.024414
0 0.120117 0.616211 0.027995 0.024414
0 0.250000 0.596191 0.029948 0.021484
0 0.204427 0.579346 0.033854 0.021973
0 0.181315 0.553223 0.030599 0.023438
0 0.130859 0.590088 0.035156 0.023926
0 0.453125 0.712891 0.032552 0.026367
0 0.559896 0.769775 0.039062 0.021973
0 0.679688 0.733154 0.026042 0.018066
0 0.733724 0.629639 0.031250 0.030762
0 0.621745 0.611328 0.035156 0.025391
0 0.626302 0.629639 0.033854 0.025879
0 0.686198 0.596191 0.027344 0.019531
0 0.664062 0.598145 0.026042 0.018555
0 0.648438 0.610596 0.026042 0.018066
0 0.893880 0.613770 0.037760 0.020508
0 0.908854 0.517822 0.029948 0.021973
0 0.818685 0.542480 0.026693 0.020508
0 0.787760 0.560059 0.027344 0.023438
0 0.711914 0.558105 0.035807 0.025391
0 0.719401 0.539307 0.035156 0.025879
0 0.716146 0.497559 0.022135 0.020508
0 0.668945 0.527588 0.039714 0.024902
0 0.651693 0.497070 0.033854 0.018555
0 0.784831 0.674561 0.026693 0.017090
0 0.845703 0.647217 0.031250 0.018066
0 0.919922 0.648682 0.016927 0.013184
0 0.953451 0.644775 0.018880 0.012207
0 0.599284 0.684814 0.029297 0.020020
0 0.573568 0.575439 0.024740 0.017090
0 0.568034 0.631836 0.024089 0.017578
0 0.522135 0.572266 0.031250 0.021484
0 0.481120 0.563965 0.024740 0.021484
0 0.459961 0.567139 0.022786 0.020996
0 0.426107 0.587158 0.021484 0.020020
0 0.469727 0.615479 0.025391 0.020020
0 0.474935 0.515381 0.033203 0.020996
0 0.474284 0.496826 0.033203 0.021973
0 0.311198 0.507080 0.039062 0.027832
0 0.198242 0.513916 0.030599 0.020996
0 0.290365 0.576904 0.032552 0.024902
0 0.585938 0.496338 0.033854 0.024902
0 0.565755 0.488525 0.029948 0.022949
0 0.418294 0.480469 0.025391 0.020508
0 0.390299 0.485840 0.026693 0.020508
0 0.307617 0.625977 0.027995 0.024414
0 0.324219 0.673828 0.027344 0.025391
0 0.605794 0.552979 0.034505 0.024902
0 0.719076 0.605225 0.035807 0.020020
0 0.691081 0.628662 0.026693 0.022949
0 0.360026 0.663818 0.028646 0.023926
0 0.251953 0.626953 0.019531 0.019531
0 0.274414 0.515381 0.020182 0.016113
0 0.258789 0.538818 0.024089 0.017090
0 0.374023 0.559082 0.033203 0.023438
0 0.352539 0.518066 0.037109 0.028320
0 0.914388 0.576904 0.021484 0.016113
0 0.891927 0.596680 0.027344 0.017578
0 0.882812 0.727539 0.033854 0.019531
0 0.522461 0.436035 0.025391 0.023438
0 0.500326 0.470215 0.031901 0.021484
0 0.459310 0.452148 0.037109 0.027344
0 0.351562 0.449219 0.024740 0.019531
0 0.254557 0.441895 0.026042 0.021484
0 0.209310 0.462891 0.026693 0.026367
0 0.455729 0.408691 0.033854 0.017578
0 0.438477 0.406250 0.026693 0.029297
0 0.410807 0.404541 0.035156 0.022949
0 0.552083 0.455566 0.026042 0.024414
0 0.701823 0.425537 0.035156 0.027832
0 0.914714 0.375488 0.036458 0.028320
0 0.751302 0.318604 0.037760 0.023926
0 0.704753 0.342529 0.034505 0.020996
0 0.629883 0.335938 0.027995 0.023438
0 0.550781 0.327881 0.029948 0.026855
0 0.527344 0.349609 0.037760 0.026367
0 0.412435 0.349365 0.033203 0.024902
0 0.371745 0.326172 0.035156 0.024414
0 0.469076 0.286377 0.029297 0.024902
0 0.547852 0.270508 0.030599 0.019531
0 0.538411 0.248047 0.036458 0.024414
0 0.514974 0.270508 0.026042 0.025391
0 0.618164 0.214355 0.033203 0.020508
0 0.557617 0.209473 0.031901 0.023438
0 0.506185 0.223145 0.026693 0.020508
0 0.483398 0.201416 0.033203 0.026855
0 0.327148 0.145752 0.027995 0.029785
0 0.207357 0.253174 0.030599 0.026855
0 0.160482 0.277588 0.043620 0.027832
0 0.285807 0.381348 0.035156 0.027344
0 0.447591 0.477783 0.027995 0.018066
0 0.696615 0.212158 0.036458 0.025879
0 0.796224 0.215820 0.032552 0.021484
0 0.386068 0.182617 0.032552 0.031250
0 0.363932 0.212158 0.020833 0.021973
0 0.278320 0.228760 0.031901 0.027832
0 0.303711 0.256592 0.033203 0.024902
0 0.820964 0.114990 0.040365 0.020996
0 0.878581 0.125488 0.041016 0.030273
0 0.449544 0.086182 0.041016 0.025879
0 0.425781 0.244873 0.024740 0.020996
0 0.516602 0.378418 0.029297 0.025391
0 0.315104 0.313721 0.029948 0.031738
0 0.346354 0.350342 0.028646 0.024902
0 0.317057 0.388672 0.032552 0.024414
0 0.897786 0.349854 0.036458 0.020996
0 0.940430 0.480957 0.033203 0.024414
0 0.937500 0.491211 0.031250 0.021484
0 0.925781 0.121582 0.029948 0.023438
0 0.524740 0.028076 0.033854 0.026855
0 0.553385 0.051270 0.035156 0.030273
0 0.426758 0.035400 0.037109 0.029785
0 0.449870 0.132812 0.028646 0.019531
0 0.535807 0.115723 0.032552 0.024414
0 0.648438 0.284180 0.033854 0.028320
0 0.576497 0.413086 0.034505 0.023438
0 0.225260 0.317871 0.032552 0.028320
0 0.710612 0.297363 0.029297 0.019531
0 0.714518 0.278564 0.033203 0.021973
0 0.880534 0.272705 0.031901 0.023926
0 0.864909 0.296143 0.037109 0.030762
0 0.370117 0.246582 0.024089 0.021484
0 0.163086 0.250000 0.034505 0.028320
0 0.582357 0.192139 0.033203 0.029785
0 0.789388 0.190430 0.025391 0.017578
0 0.886719 0.231445 0.039062 0.032227
0 0.355143 0.379883 0.022786 0.020508
0 0.508789 0.607666 0.021484 0.016113
0 0.476888 0.595703 0.029297 0.018555
0 0.486654 0.683105 0.020182 0.017578
0 0.753906 0.561035 0.031250 0.016602
0 0.736003 0.495361 0.029297 0.022949
0 0.487956 0.375977 0.026693 0.024414
0 0.465169 0.375488 0.029297 0.021484
0 0.406576 0.390869 0.027995 0.024902
