0 0.697266 0.818115 0.041667 0.028809
0 0.982747 0.913818 0.027995 0.020020
0 0.959635 0.892822 0.019531 0.017090
0 0.985026 0.859131 0.028646 0.025879
0 0.652669 0.818115 0.029297 0.023926
0 0.593750 0.809326 0.031250 0.017090
0 0.568700 0.801025 0.030599 0.019043
0 0.886719 0.830078 0.031250 0.020508
0 0.751628 0.770752 0.034505 0.020020
0 0.741211 0.755859 0.031901 0.022461
0 0.665365 0.797607 0.024740 0.019043
0 0.619141 0.767334 0.041667 0.026855
0 0.593099 0.751953 0.031250 0.022461
0 0.615234 0.732910 0.033854 0.026367
0 0.630859 0.711914 0.031250 0.029297
0 0.586589 0.688232 0.022135 0.018066
0 0.554036 0.708496 0.036458 0.024414
0 0.563477 0.695312 0.027995 0.020508
0 0.507812 0.696045 0.024740 0.017090
0 0.492839 0.683838 0.027344 0.023926
0 0.493490 0.715332 0.019531 0.015625
0 0.464844 0.705322 0.026042 0.017090
0 0.687826 0.665283 0.026693 0.019043
0 0.895182 0.639160 0.032552 0.017578
0 0.801107 0.629883 0.043620 0.024414
0 0.788411 0.595703 0.035156 0.022461
0 0.805990 0.578125 0.031250 0.020508
0 0.736654 0.605957 0.026693 0.017578
0 0.642253 0.637451 0.025391 0.019043
0 0.619141 0.634033 0.024740 0.019043
0 0.601562 0.646240 0.031250 0.023926
0 0.518880 0.722412 0.024740 0.022949
0 0.558268 0.779800 0.030599 0.024414
0 0.450846 0.739990 0.024089 0.019043
0 0.415365 0.743164 0.023438 0.018555
0 0.236328 0.743896 0.031250 0.025879
0 0.230469 0.719238 0.031250 0.020508
0 0.197917 0.640625 0.037760 0.022461
0 0.370117 0.680420 0.031901 0.023926
0 0.366536 0.635498 0.028646 0.023926
0 0.322266 0.687744 0.031250 0.023926
0 0.238932 0.673340 0.029948 0.021484
0 0.289062 0.630859 0.031250 0.023438
0 0.223633 0.624756 0.029297 0.026855
0 0.242839 0.598633 0.037760 0.027344
0 0.194661 0.602539 0.040365 0.026367
0 0.352539 0.562256 0.033203 0.025879
0 0.430990 0.571289 0.028646 0.021484
0 0.397135 0.576660 0.028646 0.024414
0 0.385742 0.564453 0.034505 0.020508
0 0.430990 0.635986 0.028646 0.020020
0 0.402995 0.618652 0.029948 0.022461
0 0.511068 0.604004 0.032552 0.019531
0 0.482096 0.593506 0.029297 0.017090
0 0.458659 0.572998 0.026693 0.020996
0 0.500977 0.576904 0.029297 0.027832
0 0.515951 0.641113 0.027995 0.020508
0 0.494792 0.654541 0.027344 0.018066
0 0.471680 0.652832 0.022786 0.015625
0 0.432617 0.668457 0.030599 0.024414
0 0.397786 0.698242 0.027344 0.018555
0 0.374023 0.713623 0.022786 0.019043
0 0.324219 0.720459 0.029948 0.021973
0 0.655924 0.720703 0.025391 0.015625
0 0.685221 0.696533 0.031901 0.021973
0 0.648438 0.666992 0.026042 0.015625
0 0.616536 0.597168 0.027344 0.016602
0 0.654622 0.550049 0.038411 0.022949
0 0.639648 0.526367 0.026693 0.020508
0 0.611003 0.526123 0.029297 0.020996
0 0.578451 0.552490 0.026693 0.017090
0 0.579102 0.571045 0.021484 0.018066
0 0.542969 0.580078 0.023438 0.015625
0 0.457031 0.507812 0.031250 0.021484
0 0.447591 0.537842 0.027995 0.021973
0 0.385417 0.523193 0.016927 0.020020
0 0.418620 0.512695 0.024740 0.017578
0 0.313477 0.507324 0.027995 0.025391
0 0.155924 0.515625 0.033203 0.028320
0 0.296549 0.538330 0.026693 0.025879
0 0.324870 0.601318 0.032552 0.020996
0 0.299479 0.599365 0.027344 0.023926
0 0.261393 0.583496 0.029297 0.026367
0 0.429036 0.616699 0.024740 0.021484
0 0.500977 0.534912 0.026693 0.016113
0 0.513346 0.550537 0.027995 0.020996
0 0.534505 0.557373 0.027344 0.020996
0 0.784180 0.526367 0.033203 0.022461
0 0.834635 0.561279 0.028646 0.022949
0 0.851562 0.531738 0.018229 0.013672
0 0.748372 0.555908 0.037109 0.025879
0 0.385417 0.739990 0.026042 0.018066
0 0.150716 0.747314 0.026693 0.020996
0 0.115234 0.732666 0.028646 0.019043
0 0.141602 0.471924 0.025391 0.021973
0 0.232747 0.461426 0.027995 0.025391
0 0.380859 0.485107 0.028646 0.020020
0 0.462240 0.480957 0.027344 0.019531
0 0.631836 0.468506 0.035807 0.025879
0 0.699544 0.465576 0.035807 0.023926
0 0.653320 0.461914 0.030599 0.025391
0 0.661458 0.426758 0.036458 0.024414
0 0.617188 0.421631 0.031250 0.018066
0 0.588867 0.416748 0.031901 0.019043
0 0.574870 0.439209 0.026042 0.020020
0 0.577148 0.505371 0.025391 0.020508
0 0.561198 0.472412 0.028646 0.019043
0 0.530924 0.495361 0.020182 0.016113
0 0.524740 0.486084 0.024740 0.015137
0 0.499023 0.465088 0.027995 0.018066
0 0.609049 0.491211 0.024089 0.016602
0 0.819336 0.406250 0.030599 0.026367
0 0.782878 0.383789 0.042318 0.024414
0 0.757487 0.409668 0.030599 0.026367
0 0.740900 0.436279 0.033854 0.022949
0 0.680990 0.399414 0.037760 0.024414
0 0.619792 0.401855 0.029948 0.024414
0 0.554036 0.357910 0.037760 0.022461
0 0.471029 0.360840 0.030599 0.031250
0 0.440755 0.354980 0.035156 0.020508
0 0.436849 0.336670 0.029948 0.022949
0 0.408529 0.343506 0.033203 0.025879
0 0.344727 0.395996 0.026693 0.017578
0 0.300781 0.408203 0.029948 0.022461
0 0.256836 0.340576 0.034505 0.025879
0 0.255208 0.318115 0.036458 0.028809
0 0.263021 0.375000 0.033854 0.024414
0 0.225911 0.369629 0.026042 0.019531
0 0.160482 0.380615 0.027995 0.019043
0 0.352214 0.334961 0.042969 0.031250
0 0.379883 0.265869 0.035807 0.032715
0 0.345378 0.272217 0.041016 0.029785
0 0.327148 0.262451 0.039714 0.030762
0 0.165690 0.309082 0.031901 0.022461
0 0.130859 0.319580 0.027344 0.027832
0 0.119466 0.281738 0.033203 0.029297
0 0.116536 0.233398 0.033854 0.027344
0 0.840169 0.329834 0.043620 0.028809
0 0.875977 0.376709 0.038411 0.024902
0 0.920247 0.385742 0.042318 0.025391
0 0.982747 0.413574 0.033203 0.030273
0 0.945312 0.340820 0.041667 0.022461
0 0.800130 0.260986 0.028646 0.021973
0 0.774740 0.270996 0.031250 0.024414
0 0.717122 0.291504 0.034505 0.025391
0 0.749023 0.326904 0.029297 0.024902
0 0.661458 0.287109 0.039062 0.025391
0 0.461589 0.418457 0.029948 0.024414
0 0.448893 0.438965 0.029297 0.019531
0 0.493815 0.401611 0.029297 0.023926
0 0.518229 0.390625 0.028646 0.020508
0 0.603190 0.362793 0.029297 0.022461
0 0.612630 0.382812 0.027344 0.021484
0 0.719401 0.352783 0.031250 0.019043
0 0.607747 0.299316 0.027995 0.021484
0 0.573893 0.295410 0.031901 0.018555
0 0.850260 0.284912 0.031250 0.027832
0 0.907878 0.408447 0.025391 0.018066
0 0.782878 0.190918 0.031901 0.023438
0 0.837240 0.172119 0.032552 0.022949
0 0.870117 0.173340 0.037109 0.028320
0 0.912109 0.206299 0.029948 0.022949
0 0.572266 0.234619 0.024740 0.016113
0 0.548503 0.212402 0.034505 0.031250
0 0.541016 0.310547 0.027344 0.022461
0 0.502930 0.301758 0.027995 0.017578
0 0.499674 0.261230 0.026693 0.018555
0 0.469727 0.273193 0.024089 0.014160
0 0.447266 0.219238 0.023438 0.019531
0 0.514648 0.228027 0.022786 0.015625
0 0.721680 0.244629 0.033203 0.024414
0 0.683919 0.224365 0.029297 0.017090
0 0.634115 0.190674 0.029948 0.020020
0 0.136393 0.199951 0.025391 0.020996
0 0.632161 0.079590 0.037760 0.029297
0 0.680990 0.168457 0.033854 0.032227
0 0.923828 0.495605 0.027344 0.019531
0 0.876628 0.121826 0.038411 0.025879
0 0.945312 0.101074 0.031250 0.024414
0 0.926758 0.135498 0.027995 0.027832
0 0.967122 0.191162 0.029297 0.019043
0 0.986979 0.185791 0.024740 0.019043
0 0.980794 0.166504 0.024089 0.015625
0 0.437826 0.197754 0.030599 0.024414
0 0.666667 0.257812 0.033854 0.021484
0 0.728841 0.177002 0.029297 0.019043
0 0.752930 0.286377 0.031901 0.025879
0 0.821940 0.361328 0.029297 0.022461
0 0.797526 0.306396 0.032552 0.019043
0 0.809570 0.144531 0.035807 0.023438
0 0.763997 0.017822 0.027995 0.023926
0 0.802083 0.071045 0.041667 0.034668
0 0.249023 0.496338 0.031901 0.019043
0 0.207682 0.443359 0.026042 0.025391
0 0.060872 0.342529 0.022786 0.020020
0 0.074544 0.302734 0.031901 0.023438
0 0.098307 0.482422 0.022135 0.018555
0 0.090169 0.194336 0.029297 0.027344
0 0.079102 0.232666 0.038411 0.027832
0 0.152669 0.262939 0.027995 0.024902
0 0.422526 0.765625 0.026042 0.016602
