0 0.932292 0.885742 0.041667 0.022461
0 0.944661 0.824951 0.037760 0.025879
0 0.762695 0.987793 0.042318 0.023438
0 0.711914 0.974121 0.029297 0.017578
0 0.663411 0.981201 0.040365 0.027832
0 0.374023 0.925781 0.029297 0.028320
0 0.330729 0.936035 0.036458 0.024414
0 0.369141 0.892578 0.037760 0.026367
0 0.181315 0.882080 0.034505 0.020996
0 0.443359 0.901367 0.028646 0.029297
0 0.499023 0.901367 0.029297 0.022461
0 0.587565 0.903564 0.034505 0.024902
0 0.622721 0.895996 0.033203 0.022461
0 0.715495 0.927246 0.029948 0.017578
0 0.796549 0.892578 0.038411 0.020508
0 0.757161 0.883789 0.035156 0.022461
0 0.711589 0.894287 0.031250 0.017090
0 0.680664 0.903320 0.030599 0.020508
0 0.615900 0.863037 0.033854 0.023926
0 0.571615 0.852783 0.044271 0.027832
0 0.529622 0.877197 0.035807 0.020996
0 0.500977 0.876709 0.030599 0.023926
0 0.454753 0.871582 0.031901 0.024414
0 0.488932 0.854492 0.032552 0.022461
0 0.334310 0.846191 0.027995 0.021484
0 0.270182 0.804443 0.037760 0.023926
0 0.275716 0.774658 0.026693 0.027832
0 0.340820 0.778564 0.043620 0.023926
0 0.448568 0.781494 0.029948 0.020996
0 0.408529 0.755371 0.021484 0.020508
0 0.499023 0.790039 0.027995 0.022461
0 0.526042 0.769287 0.026042 0.019043
0 0.599609 0.783447 0.027344 0.021973
0 0.638346 0.800537 0.037109 0.025879
0 0.680990 0.822998 0.036458 0.019043
0 0.615234 0.828369 0.035156 0.027832
0 0.779622 0.830078 0.043620 0.019531
0 0.795898 0.847656 0.033203 0.025391
0 0.851562 0.836914 0.031250 0.018555
0 0.877604 0.814453 0.042969 0.024414
0 0.848958 0.787109 0.035156 0.019531
0 0.342122 0.750244 0.033203 0.025879
0 0.269206 0.743896 0.031901 0.022949
0 0.388672 0.724365 0.029948 0.020996
0 0.331380 0.718994 0.031250 0.020996
0 0.304036 0.696533 0.032552 0.023926
0 0.459635 0.743408 0.026042 0.020996
0 0.483398 0.747314 0.026693 0.020996
0 0.663411 0.759277 0.022135 0.017578
0 0.697591 0.760742 0.029297 0.017578
0 0.705404 0.743408 0.034505 0.019043
0 0.776367 0.718994 0.050130 0.025879
0 0.780924 0.738037 0.031901 0.017090
0 0.834635 0.762451 0.033854 0.017090
0 0.889323 0.769287 0.028646 0.020996
0 0.891276 0.739990 0.031250 0.027832
0 0.956055 0.770996 0.031901 0.020508
0 0.987956 0.772949 0.022786 0.022461
0 0.495443 0.835449 0.027344 0.015625
0 0.617188 0.696533 0.031250 0.018066
0 0.420898 0.700439 0.030599 0.023926
0 0.304362 0.658203 0.031901 0.020508
0 0.370117 0.668701 0.025391 0.017090
0 0.378581 0.639160 0.021484 0.015625
0 0.412760 0.623535 0.037760 0.026367
0 0.410482 0.670166 0.024089 0.019043
0 0.493490 0.665283 0.029948 0.020996
0 0.526367 0.715820 0.021484 0.013672
0 0.606445 0.724365 0.022786 0.019043
0 0.559570 0.681396 0.021484 0.016113
0 0.655273 0.683105 0.027995 0.016602
0 0.612956 0.675781 0.026693 0.015625
0 0.583333 0.649414 0.022135 0.013672
0 0.604167 0.642334 0.032552 0.020996
0 0.652344 0.642578 0.035156 0.019531
0 0.775391 0.659912 0.036458 0.025879
0 0.871419 0.691162 0.037109 0.025879
0 0.916667 0.673828 0.037760 0.020508
0 0.892253 0.682373 0.042318 0.025879
0 0.938477 0.686279 0.037109 0.024902
0 0.899740 0.647705 0.036458 0.029785
0 0.855794 0.658203 0.034505 0.024414
0 0.874023 0.626953 0.038411 0.017578
0 0.833984 0.627197 0.028646 0.021973
0 0.810872 0.632812 0.024089 0.020508
0 0.740234 0.680664 0.020833 0.013672
0 0.802409 0.651367 0.026693 0.019531
0 0.708333 0.632080 0.020833 0.014160
0 0.702148 0.651367 0.025391 0.020508
0 0.847005 0.583740 0.037760 0.025879
0 0.787109 0.674072 0.036458 0.023926
0 0.575195 0.593994 0.041016 0.022949
0 0.616211 0.575195 0.029297 0.018555
0 0.839193 0.602539 0.036458 0.017578
0 0.959961 0.602783 0.033203 0.019043
0 0.928060 0.567627 0.031901 0.023926
0 0.952799 0.538330 0.042318 0.023926
0 0.911133 0.531494 0.027995 0.017090
0 0.839518 0.555908 0.035807 0.025879
0 0.787760 0.561035 0.040365 0.029297
0 0.788411 0.527832 0.035156 0.024414
0 0.754557 0.531494 0.037760 0.023926
0 0.822917 0.514160 0.022135 0.018555
0 0.686849 0.548828 0.031250 0.020508
0 0.659831 0.548828 0.034505 0.022461
0 0.729818 0.599121 0.040365 0.029297
0 0.642904 0.578369 0.031901 0.020996
0 0.627279 0.514160 0.034505 0.022461
0 0.583008 0.540039 0.034505 0.024414
0 0.563477 0.576904 0.042318 0.020996
0 0.527995 0.564941 0.029948 0.018555
0 0.534505 0.538330 0.035156 0.025879
0 0.510091 0.493408 0.033203 0.021973
0 0.488281 0.493408 0.024740 0.025879
0 0.455078 0.488037 0.031250 0.023926
0 0.420898 0.557861 0.026693 0.021973
0 0.416667 0.520996 0.020833 0.020508
0 0.447917 0.571777 0.029948 0.017578
0 0.475911 0.587158 0.028646 0.020996
0 0.456380 0.621826 0.037760 0.029785
0 0.419596 0.597412 0.027995 0.022949
0 0.365900 0.505371 0.033854 0.022461
0 0.330404 0.509033 0.034505 0.027832
0 0.324544 0.573242 0.024089 0.022461
0 0.318359 0.600830 0.027344 0.020996
0 0.290365 0.604248 0.027344 0.025879
0 0.310872 0.628662 0.027995 0.017090
0 0.972005 0.684326 0.027344 0.019043
0 0.664062 0.511230 0.024740 0.018555
0 0.588216 0.504150 0.029297 0.024902
0 0.442057 0.446045 0.037760 0.024902
0 0.388346 0.431152 0.041016 0.024414
0 0.507161 0.456299 0.028646 0.025879
0 0.558919 0.447754 0.025391 0.019531
0 0.635417 0.467041 0.036458 0.024902
0 0.596680 0.462402 0.034505 0.017578
0 0.770833 0.447754 0.033854 0.029297
0 0.765951 0.368164 0.031901 0.020508
0 0.659180 0.372070 0.033203 0.026367
0 0.665365 0.359131 0.037760 0.025879
0 0.575521 0.389160 0.031250 0.029297
0 0.556966 0.415283 0.029297 0.025879
0 0.472005 0.366211 0.035156 0.022461
0 0.291667 0.379150 0.032552 0.023926
0 0.256510 0.354004 0.037760 0.026367
0 0.202148 0.399414 0.025391 0.026367
0 0.543294 0.360107 0.030599 0.020020
0 0.575846 0.330078 0.027995 0.022461
0 0.542969 0.330078 0.033854 0.020508
0 0.507812 0.338623 0.031250 0.025879
0 0.518880 0.307861 0.033854 0.024902
0 0.478516 0.291992 0.026042 0.022461
0 0.408529 0.336914 0.018880 0.020508
0 0.355794 0.350342 0.025391 0.020996
0 0.152669 0.406250 0.031901 0.022461
0 0.164062 0.434082 0.032552 0.024414
0 0.244466 0.459961 0.033203 0.025391
0 0.247070 0.259277 0.025391 0.027344
0 0.345378 0.281738 0.041016 0.030273
0 0.352214 0.264160 0.044271 0.022461
0 0.445312 0.279800 0.036458 0.024414
0 0.585286 0.251465 0.032552 0.028320
0 0.527669 0.265869 0.037109 0.025879
0 0.777018 0.322021 0.039714 0.027832
0 0.978841 0.339355 0.041016 0.036133
0 0.890951 0.269775 0.050130 0.027832
0 0.923503 0.234863 0.050130 0.039062
0 0.783529 0.201660 0.037109 0.026367
0 0.819010 0.145752 0.041667 0.029785
0 0.860352 0.170410 0.042318 0.026367
0 0.655273 0.287842 0.035807 0.026855
0 0.631836 0.272949 0.029297 0.026367
0 0.649740 0.316406 0.040365 0.027344
0 0.588867 0.314453 0.030599 0.017578
0 0.475260 0.335205 0.032552 0.024902
0 0.378906 0.249023 0.029948 0.021484
0 0.289714 0.236572 0.028646 0.023926
0 0.399089 0.205078 0.029948 0.027344
0 0.381510 0.215576 0.028646 0.019043
0 0.365900 0.165283 0.041667 0.029785
0 0.289062 0.178955 0.036458 0.024902
0 0.397135 0.293701 0.022135 0.016113
0 0.412760 0.089355 0.035156 0.027344
0 0.452799 0.103271 0.042318 0.030762
0 0.397135 0.064453 0.036458 0.022461
0 0.297201 0.081299 0.041016 0.028809
0 0.818034 0.094238 0.042318 0.037109
0 0.668945 0.229492 0.039714 0.027344
0 0.462240 0.172119 0.032552 0.023926
0 0.331706 0.316406 0.022786 0.021484
0 0.305339 0.310547 0.028646 0.022461
0 0.316732 0.126953 0.034505 0.024414
0 0.347331 0.088867 0.030599 0.027344
0 0.852865 0.144775 0.042969 0.025879
0 0.680339 0.412109 0.028646 0.014648
0 0.396484 0.486084 0.019531 0.018066
0 0.378906 0.462646 0.028646 0.023926
0 0.838867 0.507080 0.037109 0.025879
0 0.877604 0.561523 0.028646 0.018555
0 0.733398 0.477295 0.044922 0.021973
0 0.784180 0.609619 0.030599 0.020996
0 0.660482 0.582275 0.026693 0.016113
0 0.751953 0.554199 0.026042 0.018555
0 0.886068 0.114502 0.029948 0.021973
0 0.904297 0.089111 0.039062 0.026855
0 0.721354 0.291504 0.033854 0.031250
0 0.720052 0.309326 0.033854 0.022949
0 0.740900 0.361572 0.031250 0.025879
0 0.970378 0.269775 0.034505 0.022949
0 0.485677 0.052734 0.023438 0.017578
0 0.460286 0.075684 0.024740 0.016602
0 0.333659 0.059082 0.034505 0.034180
