0 0.960205 0.061523 0.021973 0.026693
0 0.955566 0.128906 0.020508 0.039062
0 0.962158 0.091797 0.020996 0.029948
0 0.961914 0.167643 0.019531 0.020182
0 0.987305 0.153646 0.022461 0.035156
0 0.933350 0.202474 0.017090 0.033854
0 0.894043 0.174154 0.026367 0.035807
0 0.919922 0.252279 0.022461 0.034505
0 0.903564 0.260091 0.020020 0.038411
0 0.960205 0.242839 0.020020 0.036458
0 0.901123 0.022786 0.020996 0.032552
0 0.947754 0.037109 0.022461 0.033854
0 0.906250 0.227539 0.014648 0.024089
0 0.888672 0.211589 0.018555 0.024740
0 0.874756 0.246094 0.015137 0.019531
0 0.891357 0.232422 0.011230 0.022135
0 0.880859 0.276693 0.023438 0.036458
0 0.854248 0.238932 0.014160 0.023438
0 0.854492 0.209635 0.017578 0.023438
0 0.879150 0.139323 0.016113 0.023438
0 0.848633 0.327799 0.021484 0.035807
0 0.820557 0.196289 0.022949 0.035807
0 0.836670 0.174805 0.018066 0.027995
0 0.866211 0.028320 0.017578 0.029297
0 0.815918 0.099935 0.024414 0.031901
0 0.801758 0.155273 0.019531 0.034505
0 0.792969 0.292318 0.020508 0.029948
0 0.911133 0.513672 0.025391 0.033854
0 0.828613 0.443359 0.021484 0.032552
0 0.815674 0.480469 0.025879 0.033854
0 0.820068 0.524089 0.018066 0.022135
0 0.801025 0.603516 0.022949 0.031250
0 0.798584 0.633138 0.030762 0.031901
0 0.781250 0.718424 0.021484 0.029297
0 0.780518 0.846354 0.028809 0.031250
0 0.778564 0.890625 0.025879 0.028646
0 0.746094 0.837240 0.028320 0.032552
0 0.745117 0.748372 0.024414 0.029297
0 0.736816 0.709961 0.024414 0.027995
0 0.759766 0.708333 0.020508 0.027344
0 0.762939 0.680990 0.022949 0.028646
0 0.748535 0.629883 0.026367 0.038411
0 0.745605 0.521159 0.018555 0.034505
0 0.732422 0.581706 0.024414 0.024089
0 0.739258 0.660807 0.018555 0.024740
0 0.790527 0.378255 0.016602 0.028646
0 0.793945 0.432943 0.024414 0.027344
0 0.773193 0.342448 0.026855 0.036458
0 0.800049 0.454427 0.013184 0.015625
0 0.823975 0.361654 0.015137 0.020182
0 0.781982 0.187500 0.017090 0.031250
0 0.798096 0.205404 0.018066 0.026693
0 0.782959 0.132812 0.019043 0.032552
0 0.762939 0.058268 0.018066 0.026693
0 0.761719 0.019857 0.020508 0.030599
0 0.753418 0.099935 0.021484 0.031901
0 0.712402 0.118815 0.021484 0.033203
0 0.699951 0.009766 0.021973 0.018229
0 0.688965 0.182943 0.020508 0.028646
0 0.679199 0.129557 0.017578 0.032552
0 0.711182 0.175781 0.024902 0.036458
0 0.757080 0.236654 0.020020 0.025391
0 0.751709 0.263021 0.017090 0.028646
0 0.708496 0.305990 0.026367 0.033854
0 0.671631 0.245768 0.021973 0.039714
0 0.656250 0.259440 0.016602 0.035807
0 0.657959 0.287109 0.027832 0.035156
0 0.663086 0.305664 0.018555 0.033203
0 0.746094 0.360352 0.020508 0.029297
0 0.718262 0.361654 0.020508 0.031901
0 0.759277 0.161784 0.021484 0.035807
0 0.687012 0.481771 0.021484 0.027344
0 0.664795 0.395508 0.026855 0.042318
0 0.656982 0.713867 0.022949 0.029297
0 0.635986 0.816081 0.024902 0.038411
0 0.609375 0.800456 0.024414 0.035807
0 0.616211 0.879883 0.024414 0.027995
0 0.596191 0.750000 0.021484 0.029948
0 0.579346 0.795573 0.021973 0.033854
0 0.553223 0.818685 0.023438 0.030599
0 0.590088 0.869141 0.023926 0.035156
0 0.712891 0.546875 0.026367 0.032552
0 0.769775 0.440104 0.021973 0.039062
0 0.733154 0.320312 0.018066 0.026042
0 0.629639 0.266276 0.030762 0.031250
0 0.611328 0.378255 0.025391 0.035156
0 0.629639 0.373698 0.025879 0.033854
0 0.596191 0.313802 0.019531 0.027344
0 0.598145 0.335938 0.018555 0.026042
0 0.610596 0.351562 0.018066 0.026042
0 0.613770 0.106120 0.020508 0.037760
0 0.517822 0.091146 0.021973 0.029948
0 0.542480 0.181315 0.020508 0.026693
0 0.560059 0.212240 0.023438 0.027344
0 0.558105 0.288086 0.025391 0.035807
0 0.539307 0.280599 0.025879 0.035156
0 0.497559 0.283854 0.020508 0.022135
0 0.527588 0.331055 0.024902 0.039714
0 0.497070 0.348307 0.018555 0.033854
0 0.674561 0.215169 0.017090 0.026693
0 0.647217 0.154297 0.018066 0.031250
0 0.648682 0.080078 0.013184 0.016927
0 0.644775 0.046549 0.012207 0.018880
0 0.684814 0.400716 0.020020 0.029297
0 0.575439 0.426432 0.017090 0.024740
0 0.631836 0.431966 0.017578 0.024089
0 0.572266 0.477865 0.021484 0.031250
0 0.563965 0.518880 0.021484 0.024740
0 0.567139 0.540039 0.020996 0.022786
0 0.587158 0.573893 0.020020 0.021484
0 0.615479 0.530273 0.020020 0.025391
0 0.515381 0.525065 0.020996 0.033203
0 0.496826 0.525716 0.021973 0.033203
0 0.507080 0.688802 0.027832 0.039062
0 0.513916 0.801758 0.020996 0.030599
0 0.576904 0.709635 0.024902 0.032552
0 0.496338 0.414062 0.024902 0.033854
0 0.488525 0.434245 0.022949 0.029948
0 0.480469 0.581706 0.020508 0.025391
0 0.485840 0.609701 0.020508 0.026693
0 0.625977 0.692383 0.024414 0.027995
0 0.673828 0.675781 0.025391 0.027344
0 0.552979 0.394206 0.024902 0.034505
0 0.605225 0.280924 0.020020 0.035807
0 0.628662 0.308919 0.022949 0.026693
0 0.663818 0.639974 0.023926 0.028646
0 0.626953 0.748047 0.019531 0.019531
0 0.515381 0.725586 0.016113 0.020182
0 0.538818 0.741211 0.017090 0.024089
0 0.559082 0.625977 0.023438 0.033203
0 0.518066 0.647461 0.028320 0.037109
0 0.576904 0.085612 0.016113 0.021484
0 0.596680 0.108073 0.017578 0.027344
0 0.727539 0.117188 0.019531 0.033854
0 0.436035 0.477539 0.023438 0.025391
0 0.470215 0.499674 0.021484 0.031901
0 0.452148 0.540690 0.027344 0.037109
0 0.449219 0.648438 0.019531 0.024740
0 0.441895 0.745443 0.021484 0.026042
0 0.462891 0.790690 0.026367 0.026693
0 0.408691 0.544271 0.017578 0.033854
0 0.406250 0.561523 0.029297 0.026693
0 0.404541 0.589193 0.022949 0.035156
0 0.455566 0.447917 0.024414 0.026042
0 0.425537 0.298177 0.027832 0.035156
0 0.375488 0.085286 0.028320 0.036458
0 0.318604 0.248698 0.023926 0.037760
0 0.342529 0.295247 0.020996 0.034505
0 0.335938 0.370117 0.023438 0.027995
0 0.327881 0.449219 0.026855 0.029948
0 0.349609 0.472656 0.026367 0.037760
0 0.349365 0.587565 0.024902 0.033203
0 0.326172 0.628255 0.024414 0.035156
0 0.286377 0.530924 0.024902 0.029297
0 0.270508 0.452148 0.019531 0.030599
0 0.248047 0.461589 0.024414 0.036458
0 0.270508 0.485026 0.025391 0.026042
0 0.214355 0.381836 0.020508 0.033203
0 0.209473 0.442383 0.023438 0.031901
0 0.223145 0.493815 0.020508 0.026693
0 0.201416 0.516602 0.026855 0.033203
0 0.145752 0.672852 0.029785 0.027995
0 0.253174 0.792643 0.026855 0.030599
0 0.277588 0.839518 0.027832 0.043620
0 0.381348 0.714193 0.027344 0.035156
0 0.477783 0.552409 0.018066 0.027995
0 0.212158 0.303385 0.025879 0.036458
0 0.215820 0.203776 0.021484 0.032552
0 0.182617 0.613932 0.031250 0.032552
0 0.212158 0.636068 0.021973 0.020833
0 0.228760 0.721680 0.027832 0.031901
0 0.256592 0.696289 0.024902 0.033203
0 0.114990 0.179036 0.020996 0.040365
0 0.125488 0.121419 0.030273 0.041016
0 0.086182 0.550456 0.025879 0.041016
0 0.244873 0.574219 0.020996 0.024740
0 0.378418 0.483398 0.025391 0.029297
0 0.313721 0.684896 0.031738 0.029948
0 0.350342 0.653646 0.024902 0.028646
0 0.388672 0.682943 0.024414 0.032552
0 0.349854 0.102214 0.020996 0.036458
0 0.480957 0.059570 0.024414 0.033203
0 0.491211 0.062500 0.021484 0.031250
0 0.121582 0.074219 0.023438 0.029948
0 0.028076 0.475260 0.026855 0.033854
0 0.051270 0.446615 0.030273 0.035156
0 0.035400 0.573242 0.029785 0.037109
0 0.132812 0.550130 0.019531 0.028646
0 0.115723 0.464193 0.024414 0.032552
0 0.284180 0.351562 0.028320 0.033854
0 0.413086 0.423503 0.023438 0.034505
0 0.317871 0.774740 0.028320 0.032552
0 0.297363 0.289388 0.019531 0.029297
0 0.278564 0.285482 0.021973 0.033203
0 0.272705 0.119466 0.023926 0.031901
0 0.296143 0.135091 0.030762 0.037109
0 0.246582 0.629883 0.021484 0.024089
0 0.250000 0.836914 0.028320 0.034505
0 0.192139 0.417643 0.029785 0.033203
0 0.190430 0.210612 0.017578 0.025391
0 0.231445 0.113281 0.032227 0.039062
0 0.379883 0.644857 0.020508 0.022786
0 0.607666 0.491211 0.016113 0.021484
0 0.595703 0.523112 0.018555 0.029297
0 0.683105 0.513346 0.017578 0.020182
0 0.561035 0.246094 0.016602 0.031250
0 0.495361 0.263997 0.022949 0.029297
0 0.375977 0.512044 0.024414 0.026693
0 0.375488 0.534831 0.021484 0.029297
0 0.390869 0.593424 0.024902 0.027995
