0 0.708740 0.074219 0.029785 0.039062
0 0.728027 0.104492 0.022461 0.048828
0 0.906982 0.399089 0.028809 0.045573
0 0.903564 0.544596 0.027832 0.038411
0 0.864502 0.564128 0.025879 0.027995
0 0.915527 0.645508 0.027344 0.035807
0 0.773926 0.750326 0.021484 0.033203
0 0.743896 0.702799 0.025879 0.031901
0 0.722412 0.374674 0.038574 0.044922
0 0.611084 0.260417 0.020996 0.033854
0 0.604736 0.287109 0.016113 0.024740
0 0.681396 0.180339 0.024902 0.033854
0 0.706787 0.316406 0.032715 0.037760
0 0.833740 0.456380 0.024902 0.037760
0 0.729248 0.556641 0.023926 0.035156
0 0.930420 0.575521 0.021973 0.028646
0 0.951416 0.559245 0.019043 0.026042
0 0.897705 0.753906 0.020996 0.026042
0 0.893799 0.815755 0.026855 0.033854
0 0.816162 0.814128 0.027832 0.031901
0 0.758789 0.828451 0.031250 0.029297
0 0.780029 0.779297 0.023926 0.035156
0 0.786865 0.718424 0.020996 0.035807
0 0.726562 0.666341 0.020508 0.034505
0 0.699463 0.733398 0.027832 0.029297
0 0.675537 0.447266 0.034668 0.045573
0 0.647949 0.516602 0.031250 0.031901
0 0.690918 0.464844 0.023438 0.041667
0 0.623779 0.559245 0.023926 0.032552
0 0.651123 0.583984 0.025879 0.027344
0 0.757568 0.236003 0.018066 0.035807
0 0.738037 0.214193 0.020996 0.032552
0 0.717041 0.243164 0.019043 0.029297
0 0.676025 0.249023 0.023926 0.033203
0 0.588867 0.328451 0.024414 0.035807
0 0.563232 0.324870 0.019043 0.026042
0 0.548340 0.369141 0.032227 0.036458
0 0.574463 0.355469 0.023926 0.032552
0 0.557861 0.397135 0.028809 0.031250
0 0.576416 0.395833 0.019043 0.027344
0 0.594238 0.444661 0.020508 0.031250
0 0.586914 0.475260 0.015625 0.024740
0 0.534668 0.507812 0.026367 0.036458
0 0.522705 0.303385 0.025879 0.041667
0 0.519043 0.338867 0.030273 0.041016
0 0.512451 0.038411 0.029785 0.042969
0 0.574463 0.157227 0.024902 0.034505
0 0.597412 0.184245 0.025879 0.033854
0 0.551025 0.680339 0.025879 0.036458
0 0.547363 0.769857 0.026367 0.038411
0 0.500244 0.754883 0.023926 0.041016
0 0.486328 0.728516 0.027344 0.033854
0 0.506592 0.693359 0.029785 0.035156
0 0.530273 0.837891 0.030273 0.035156
0 0.578613 0.732422 0.023438 0.027344
0 0.528564 0.653971 0.020996 0.034505
0 0.530029 0.256510 0.020020 0.033854
0 0.519531 0.168945 0.026367 0.044922
0 0.459717 0.430990 0.030762 0.041667
0 0.442627 0.380208 0.025879 0.040365
0 0.451416 0.259115 0.027832 0.039062
0 0.418701 0.235352 0.020996 0.034505
0 0.367676 0.423503 0.030273 0.042318
0 0.413574 0.437826 0.032227 0.042318
0 0.454834 0.547852 0.020996 0.030599
0 0.362549 0.679688 0.024902 0.028646
0 0.331787 0.667318 0.025879 0.028646
0 0.444580 0.885417 0.034668 0.031250
0 0.428711 0.298503 0.022461 0.026693
0 0.484375 0.253255 0.035156 0.045573
0 0.467285 0.179688 0.022461 0.037760
0 0.460449 0.033529 0.020508 0.027995
0 0.458252 0.061198 0.019043 0.028646
0 0.413574 0.073568 0.024414 0.032552
0 0.359375 0.317057 0.020508 0.027344
0 0.322021 0.280273 0.025879 0.035807
0 0.295654 0.326497 0.026855 0.035807
0 0.265869 0.322917 0.023926 0.037760
0 0.196533 0.237956 0.027832 0.042318
0 0.218750 0.205078 0.022461 0.028646
0 0.307861 0.162109 0.024902 0.036458
0 0.356445 0.158529 0.029297 0.034505
0 0.380615 0.246419 0.024902 0.029297
0 0.368408 0.579753 0.014160 0.024089
0 0.387207 0.641602 0.024414 0.026693
0 0.408447 0.538411 0.034668 0.044271
0 0.423584 0.486328 0.026855 0.035156
0 0.279297 0.604492 0.026367 0.034505
0 0.215332 0.571615 0.024414 0.036458
0 0.177490 0.870768 0.030762 0.039714
0 0.226074 0.718099 0.024414 0.029948
0 0.268799 0.762695 0.021973 0.037109
0 0.222412 0.283529 0.025879 0.035807
0 0.222412 0.314779 0.023926 0.042318
0 0.484619 0.053711 0.023926 0.030599
0 0.415039 0.894206 0.031250 0.038411
0 0.441406 0.939779 0.028320 0.039714
0 0.191650 0.951497 0.027832 0.039714
0 0.290771 0.908854 0.026855 0.032552
0 0.317871 0.975911 0.031250 0.044271
0 0.295166 0.446615 0.023926 0.033854
0 0.125488 0.328451 0.023438 0.037109
0 0.126953 0.281576 0.026367 0.041016
0 0.144531 0.191732 0.022461 0.034505
0 0.140381 0.113607 0.023926 0.029297
0 0.139404 0.234701 0.024902 0.039714
0 0.069336 0.207031 0.024414 0.039062
0 0.054199 0.461589 0.034180 0.039062
0 0.071045 0.631185 0.032715 0.047526
0 0.401123 0.369792 0.027832 0.040365
0 0.337402 0.323242 0.024414 0.042318
0 0.336914 0.082682 0.026367 0.033854
0 0.103027 0.194010 0.024414 0.032552
0 0.092773 0.298828 0.027344 0.035156
0 0.308838 0.608398 0.034668 0.046224
0 0.218750 0.537109 0.024414 0.026042
0 0.454834 0.638021 0.021973 0.033854
0 0.463867 0.597005 0.029297 0.035156
0 0.671387 0.662109 0.025391 0.039062
0 0.644043 0.617188 0.019531 0.026042
0 0.596680 0.678385 0.031250 0.040365
0 0.499268 0.573893 0.020996 0.026693
