0 0.291260 0.925781 0.029785 0.039062
0 0.271973 0.895508 0.022461 0.048828
0 0.093018 0.600911 0.028809 0.045573
0 0.096436 0.455404 0.027832 0.038411
0 0.135498 0.435872 0.025879 0.027995
0 0.084473 0.354492 0.027344 0.035807
0 0.226074 0.249674 0.021484 0.033203
0 0.256104 0.297201 0.025879 0.031901
0 0.277588 0.625326 0.038574 0.044922
0 0.388916 0.739583 0.020996 0.033854
0 0.395264 0.712891 0.016113 0.024740
0 0.318604 0.819661 0.024902 0.033854
0 0.293213 0.683594 0.032715 0.037760
0 0.166260 0.543620 0.024902 0.037760
0 0.270752 0.443359 0.023926 0.035156
0 0.069580 0.424479 0.021973 0.028646
0 0.048584 0.440755 0.019043 0.026042
0 0.102295 0.246094 0.020996 0.026042
0 0.106201 0.184245 0.026855 0.033854
0 0.183838 0.185872 0.027832 0.031901
0 0.241211 0.171549 0.031250 0.029297
0 0.219971 0.220703 0.023926 0.035156
0 0.213135 0.281576 0.020996 0.035807
0 0.273438 0.333659 0.020508 0.034505
0 0.300537 0.266602 0.027832 0.029297
0 0.324463 0.552734 0.034668 0.045573
0 0.352051 0.483398 0.031250 0.031901
0 0.309082 0.535156 0.023438 0.041667
0 0.376221 0.440755 0.023926 0.032552
0 0.348877 0.416016 0.025879 0.027344
0 0.242432 0.763997 0.018066 0.035807
0 0.261963 0.785807 0.020996 0.032552
0 0.282959 0.756836 0.019043 0.029297
0 0.323975 0.750977 0.023926 0.033203
0 0.411133 0.671549 0.024414 0.035807
0 0.436768 0.675130 0.019043 0.026042
0 0.451660 0.630859 0.032227 0.036458
0 0.425537 0.644531 0.023926 0.032552
0 0.442139 0.602865 0.028809 0.031250
0 0.423584 0.604167 0.019043 0.027344
0 0.405762 0.555339 0.020508 0.031250
0 0.413086 0.524740 0.015625 0.024740
0 0.465332 0.492188 0.026367 0.036458
0 0.477295 0.696615 0.025879 0.041667
0 0.480957 0.661133 0.030273 0.041016
0 0.487549 0.961589 0.029785 0.042969
0 0.425537 0.842773 0.024902 0.034505
0 0.402588 0.815755 0.025879 0.033854
0 0.448975 0.319661 0.025879 0.036458
0 0.452637 0.230143 0.026367 0.038411
0 0.499756 0.245117 0.023926 0.041016
0 0.513672 0.271484 0.027344 0.033854
0 0.493408 0.306641 0.029785 0.035156
0 0.469727 0.162109 0.030273 0.035156
0 0.421387 0.267578 0.023438 0.027344
0 0.471436 0.346029 0.020996 0.034505
0 0.469971 0.743490 0.020020 0.033854
0 0.480469 0.831055 0.026367 0.044922
0 0.540283 0.569010 0.030762 0.041667
0 0.557373 0.619792 0.025879 0.040365
0 0.548584 0.740885 0.027832 0.039062
0 0.581299 0.764648 0.020996 0.034505
0 0.632324 0.576497 0.030273 0.042318
0 0.586426 0.562174 0.032227 0.042318
0 0.545166 0.452148 0.020996 0.030599
0 0.637451 0.320312 0.024902 0.028646
0 0.668213 0.332682 0.025879 0.028646
0 0.555420 0.114583 0.034668 0.031250
0 0.571289 0.701497 0.022461 0.026693
0 0.515625 0.746745 0.035156 0.045573
0 0.532715 0.820312 0.022461 0.037760
0 0.539551 0.966471 0.020508 0.027995
0 0.541748 0.938802 0.019043 0.028646
0 0.586426 0.926432 0.024414 0.032552
0 0.640625 0.682943 0.020508 0.027344
0 0.677979 0.719727 0.025879 0.035807
0 0.704346 0.673503 0.026855 0.035807
0 0.734131 0.677083 0.023926 0.037760
0 0.803467 0.762044 0.027832 0.042318
0 0.781250 0.794922 0.022461 0.028646
0 0.692139 0.837891 0.024902 0.036458
0 0.643555 0.841471 0.029297 0.034505
0 0.619385 0.753581 0.024902 0.029297
0 0.631592 0.420247 0.014160 0.024089
0 0.612793 0.358398 0.024414 0.026693
0 0.591553 0.461589 0.034668 0.044271
0 0.576416 0.513672 0.026855 0.035156
0 0.720703 0.395508 0.026367 0.034505
0 0.784668 0.428385 0.024414 0.036458
0 0.822510 0.129232 0.030762 0.039714
0 0.773926 0.281901 0.024414 0.029948
0 0.731201 0.237305 0.021973 0.037109
0 0.777588 0.716471 0.025879 0.035807
0 0.777588 0.685221 0.023926 0.042318
0 0.515381 0.946289 0.023926 0.030599
0 0.584961 0.105794 0.031250 0.038411
0 0.558594 0.060221 0.028320 0.039714
0 0.808350 0.048503 0.027832 0.039714
0 0.709229 0.091146 0.026855 0.032552
0 0.682129 0.024089 0.031250 0.044271
0 0.704834 0.553385 0.023926 0.033854
0 0.874512 0.671549 0.023438 0.037109
0 0.873047 0.718424 0.026367 0.041016
0 0.855469 0.808268 0.022461 0.034505
0 0.859619 0.886393 0.023926 0.029297
0 0.860596 0.765299 0.024902 0.039714
0 0.930664 0.792969 0.024414 0.039062
0 0.945801 0.538411 0.034180 0.039062
0 0.928955 0.368815 0.032715 0.047526
0 0.598877 0.630208 0.027832 0.040365
0 0.662598 0.676758 0.024414 0.042318
0 0.663086 0.917318 0.026367 0.033854
0 0.896973 0.805990 0.024414 0.032552
0 0.907227 0.701172 0.027344 0.035156
0 0.691162 0.391602 0.034668 0.046224
0 0.781250 0.462891 0.024414 0.026042
0 0.545166 0.361979 0.021973 0.033854
0 0.536133 0.402995 0.029297 0.035156
0 0.328613 0.337891 0.025391 0.039062
0 0.355957 0.382812 0.019531 0.026042
0 0.403320 0.321615 0.031250 0.040365
0 0.500732 0.426107 0.020996 0.026693
