0 0.885742 0.067708 0.022461 0.041667
0 0.824951 0.055339 0.025879 0.037760
0 0.987793 0.237305 0.023438 0.042318
0 0.974121 0.288086 0.017578 0.029297
0 0.981201 0.336589 0.027832 0.040365
0 0.925781 0.625977 0.028320 0.029297
0 0.936035 0.669271 0.024414 0.036458
0 0.892578 0.630859 0.026367 0.037760
0 0.882080 0.818685 0.020996 0.034505
0 0.901367 0.556641 0.029297 0.028646
0 0.901367 0.500977 0.022461 0.029297
0 0.903564 0.412435 0.024902 0.034505
0 0.895996 0.377279 0.022461 0.033203
0 0.927246 0.284505 0.017578 0.029948
0 0.892578 0.203451 0.020508 0.038411
0 0.883789 0.242839 0.022461 0.035156
0 0.894287 0.288411 0.017090 0.031250
0 0.903320 0.319336 0.020508 0.030599
0 0.863037 0.384100 0.023926 0.033854
0 0.852783 0.428385 0.027832 0.044271
0 0.877197 0.470378 0.020996 0.035807
0 0.876709 0.499023 0.023926 0.030599
0 0.871582 0.545247 0.024414 0.031901
0 0.854492 0.511068 0.022461 0.032552
0 0.846191 0.665690 0.021484 0.027995
0 0.804443 0.729818 0.023926 0.037760
0 0.774658 0.724284 0.027832 0.026693
0 0.778564 0.659180 0.023926 0.043620
0 0.781494 0.551432 0.020996 0.029948
0 0.755371 0.591471 0.020508 0.021484
0 0.790039 0.500977 0.022461 0.027995
0 0.769287 0.473958 0.019043 0.026042
0 0.783447 0.400391 0.021973 0.027344
0 0.800537 0.361654 0.025879 0.037109
0 0.822998 0.319010 0.019043 0.036458
0 0.828369 0.384766 0.027832 0.035156
0 0.830078 0.220378 0.019531 0.043620
0 0.847656 0.204102 0.025391 0.033203
0 0.836914 0.148438 0.018555 0.031250
0 0.814453 0.122396 0.024414 0.042969
0 0.787109 0.151042 0.019531 0.035156
0 0.750244 0.657878 0.025879 0.033203
0 0.743896 0.730794 0.022949 0.031901
0 0.724365 0.611328 0.020996 0.029948
0 0.718994 0.668620 0.020996 0.031250
0 0.696533 0.695964 0.023926 0.032552
0 0.743408 0.540365 0.020996 0.026042
0 0.747314 0.516602 0.020996 0.026693
0 0.759277 0.336589 0.017578 0.022135
0 0.760742 0.302409 0.017578 0.029297
0 0.743408 0.294596 0.019043 0.034505
0 0.718994 0.223633 0.025879 0.050130
0 0.738037 0.219076 0.017090 0.031901
0 0.762451 0.165365 0.017090 0.033854
0 0.769287 0.110677 0.020996 0.028646
0 0.739990 0.108724 0.027832 0.031250
0 0.770996 0.043945 0.020508 0.031901
0 0.772949 0.012044 0.022461 0.022786
0 0.835449 0.504557 0.015625 0.027344
0 0.696533 0.382812 0.018066 0.031250
0 0.700439 0.579102 0.023926 0.030599
0 0.658203 0.695638 0.020508 0.031901
0 0.668701 0.629883 0.017090 0.025391
0 0.639160 0.621419 0.015625 0.021484
0 0.623535 0.587240 0.026367 0.037760
0 0.670166 0.589518 0.019043 0.024089
0 0.665283 0.506510 0.020996 0.029948
0 0.715820 0.473633 0.013672 0.021484
0 0.724365 0.393555 0.019043 0.022786
0 0.681396 0.440430 0.016113 0.021484
0 0.683105 0.344727 0.016602 0.027995
0 0.675781 0.387044 0.015625 0.026693
0 0.649414 0.416667 0.013672 0.022135
0 0.642334 0.395833 0.020996 0.032552
0 0.642578 0.347656 0.019531 0.035156
0 0.659912 0.224609 0.025879 0.036458
0 0.691162 0.128581 0.025879 0.037109
0 0.673828 0.083333 0.020508 0.037760
0 0.682373 0.107747 0.025879 0.042318
0 0.686279 0.061523 0.024902 0.037109
0 0.647705 0.100260 0.029785 0.036458
0 0.658203 0.144206 0.024414 0.034505
0 0.626953 0.125977 0.017578 0.038411
0 0.627197 0.166016 0.021973 0.028646
0 0.632812 0.189128 0.020508 0.024089
0 0.680664 0.259766 0.013672 0.020833
0 0.651367 0.197591 0.019531 0.026693
0 0.632080 0.291667 0.014160 0.020833
0 0.651367 0.297852 0.020508 0.025391
0 0.583740 0.152995 0.025879 0.037760
0 0.674072 0.212891 0.023926 0.036458
0 0.593994 0.424805 0.022949 0.041016
0 0.575195 0.383789 0.018555 0.029297
0 0.602539 0.160807 0.017578 0.036458
0 0.602783 0.040039 0.019043 0.033203
0 0.567627 0.071940 0.023926 0.031901
0 0.538330 0.047201 0.023926 0.042318
0 0.531494 0.088867 0.017090 0.027995
0 0.555908 0.160482 0.025879 0.035807
0 0.561035 0.212240 0.029297 0.040365
0 0.527832 0.211589 0.024414 0.035156
0 0.531494 0.245443 0.023926 0.037760
0 0.514160 0.177083 0.018555 0.022135
0 0.548828 0.313151 0.020508 0.031250
0 0.548828 0.340169 0.022461 0.034505
0 0.599121 0.270182 0.029297 0.040365
0 0.578369 0.357096 0.020996 0.031901
0 0.514160 0.372721 0.022461 0.034505
0 0.540039 0.416992 0.024414 0.034505
0 0.576904 0.436523 0.020996 0.042318
0 0.564941 0.472005 0.018555 0.029948
0 0.538330 0.465495 0.025879 0.035156
0 0.493408 0.489909 0.021973 0.033203
0 0.493408 0.511719 0.025879 0.024740
0 0.488037 0.544922 0.023926 0.031250
0 0.557861 0.579102 0.021973 0.026693
0 0.520996 0.583333 0.020508 0.020833
0 0.571777 0.552083 0.017578 0.029948
0 0.587158 0.524089 0.020996 0.028646
0 0.621826 0.543620 0.029785 0.037760
0 0.597412 0.580404 0.022949 0.027995
0 0.505371 0.634100 0.022461 0.033854
0 0.509033 0.669596 0.027832 0.034505
0 0.573242 0.675456 0.022461 0.024089
0 0.600830 0.681641 0.020996 0.027344
0 0.604248 0.709635 0.025879 0.027344
0 0.628662 0.689128 0.017090 0.027995
0 0.684326 0.027995 0.019043 0.027344
0 0.511230 0.335938 0.018555 0.024740
0 0.504150 0.411784 0.024902 0.029297
0 0.446045 0.557943 0.024902 0.037760
0 0.431152 0.611654 0.024414 0.041016
0 0.456299 0.492839 0.025879 0.028646
0 0.447754 0.441081 0.019531 0.025391
0 0.467041 0.364583 0.024902 0.036458
0 0.462402 0.403320 0.017578 0.034505
0 0.447754 0.229167 0.029297 0.033854
0 0.368164 0.234049 0.020508 0.031901
0 0.372070 0.340820 0.026367 0.033203
0 0.359131 0.334635 0.025879 0.037760
0 0.389160 0.424479 0.029297 0.031250
0 0.415283 0.443034 0.025879 0.029297
0 0.366211 0.527995 0.022461 0.035156
0 0.379150 0.708333 0.023926 0.032552
0 0.354004 0.743490 0.026367 0.037760
0 0.399414 0.797852 0.026367 0.025391
0 0.360107 0.456706 0.020020 0.030599
0 0.330078 0.424154 0.022461 0.027995
0 0.330078 0.457031 0.020508 0.033854
0 0.338623 0.492188 0.025879 0.031250
0 0.307861 0.481120 0.024902 0.033854
0 0.291992 0.521484 0.022461 0.026042
0 0.336914 0.591471 0.020508 0.018880
0 0.350342 0.644206 0.020996 0.025391
0 0.406250 0.847331 0.022461 0.031901
0 0.434082 0.835938 0.024414 0.032552
0 0.459961 0.755534 0.025391 0.033203
0 0.259277 0.752930 0.027344 0.025391
0 0.281738 0.654622 0.030273 0.041016
0 0.264160 0.647786 0.022461 0.044271
0 0.279800 0.554688 0.024414 0.036458
0 0.251465 0.414714 0.028320 0.032552
0 0.265869 0.472331 0.025879 0.037109
0 0.322021 0.222982 0.027832 0.039714
0 0.339355 0.021159 0.036133 0.041016
0 0.269775 0.109049 0.027832 0.050130
0 0.234863 0.076497 0.039062 0.050130
0 0.201660 0.216471 0.026367 0.037109
0 0.145752 0.180990 0.029785 0.041667
0 0.170410 0.139648 0.026367 0.042318
0 0.287842 0.344727 0.026855 0.035807
0 0.272949 0.368164 0.026367 0.029297
0 0.316406 0.350260 0.027344 0.040365
0 0.314453 0.411133 0.017578 0.030599
0 0.335205 0.524740 0.024902 0.032552
0 0.249023 0.621094 0.021484 0.029948
0 0.236572 0.710286 0.023926 0.028646
0 0.205078 0.600911 0.027344 0.029948
0 0.215576 0.618490 0.019043 0.028646
0 0.165283 0.634100 0.029785 0.041667
0 0.178955 0.710938 0.024902 0.036458
0 0.293701 0.602865 0.016113 0.022135
0 0.089355 0.587240 0.027344 0.035156
0 0.103271 0.547201 0.030762 0.042318
0 0.064453 0.602865 0.022461 0.036458
0 0.081299 0.702799 0.028809 0.041016
0 0.094238 0.181966 0.037109 0.042318
0 0.229492 0.331055 0.027344 0.039714
0 0.172119 0.537760 0.023926 0.032552
0 0.316406 0.668294 0.021484 0.022786
0 0.310547 0.694661 0.022461 0.028646
0 0.126953 0.683268 0.024414 0.034505
0 0.088867 0.652669 0.027344 0.030599
0 0.144775 0.147135 0.025879 0.042969
0 0.412109 0.319661 0.014648 0.028646
0 0.486084 0.603516 0.018066 0.019531
0 0.462646 0.621094 0.023926 0.028646
0 0.507080 0.161133 0.025879 0.037109
0 0.561523 0.122396 0.018555 0.028646
0 0.477295 0.266602 0.021973 0.044922
0 0.609619 0.215820 0.020996 0.030599
0 0.582275 0.339518 0.016113 0.026693
0 0.554199 0.248047 0.018555 0.026042
0 0.114502 0.113932 0.021973 0.029948
0 0.089111 0.095703 0.026855 0.039062
0 0.291504 0.278646 0.031250 0.033854
0 0.309326 0.279948 0.022949 0.033854
0 0.361572 0.259100 0.025879 0.031250
0 0.269775 0.029622 0.022949 0.034505
0 0.052734 0.514323 0.017578 0.023438
0 0.075684 0.539714 0.016602 0.024740
0 0.059082 0.666341 0.034180 0.034505
