0 0.302734 0.181885 0.041667 0.028809
0 0.017253 0.086182 0.027995 0.020020
0 0.040365 0.107178 0.019531 0.017090
0 0.014974 0.140869 0.028646 0.025879
0 0.347331 0.181885 0.029297 0.023926
0 0.406250 0.190674 0.031250 0.017090
0 0.43130 0.198975 0.030599 0.019043
0 0.113281 0.169922 0.031250 0.020508
0 0.248372 0.229248 0.034505 0.020020
0 0.258789 0.244141 0.031901 0.022461
0 0.334635 0.202393 0.024740 0.019043
0 0.380859 0.232666 0.041667 0.026855
0 0.406901 0.248047 0.031250 0.022461
0 0.384766 0.267090 0.033854 0.026367
0 0.369141 0.288086 0.031250 0.029297
0 0.413411 0.311768 0.022135 0.018066
0 0.445964 0.291504 0.036458 0.024414
0 0.436523 0.304688 0.027995 0.020508
0 0.492188 0.303955 0.024740 0.017090
0 0.507161 0.316162 0.027344 0.023926
0 0.506510 0.284668 0.019531 0.015625
0 0.535156 0.294678 0.026042 0.017090
0 0.312174 0.334717 0.026693 0.019043
0 0.104818 0.360840 0.032552 0.017578
0 0.198893 0.370117 0.043620 0.024414
0 0.211589 0.404297 0.035156 0.022461
0 0.194010 0.421875 0.031250 0.020508
0 0.263346 0.394043 0.026693 0.017578
0 0.357747 0.362549 0.025391 0.019043
0 0.380859 0.365967 0.024740 0.019043
0 0.398438 0.353760 0.031250 0.023926
0 0.481120 0.277588 0.024740 0.022949
0 0.441732 0.22020 0.030599 0.024414
0 0.549154 0.260010 0.024089 0.019043
0 0.584635 0.256836 0.023438 0.018555
0 0.763672 0.256104 0.031250 0.025879
0 0.769531 0.280762 0.031250 0.020508
0 0.802083 0.359375 0.037760 0.022461
0 0.629883 0.319580 0.031901 0.023926
0 0.633464 0.364502 0.028646 0.023926
0 0.677734 0.312256 0.031250 0.023926
0 0.761068 0.326660 0.029948 0.021484
0 0.710938 0.369141 0.031250 0.023438
0 0.776367 0.375244 0.029297 0.026855
0 0.757161 0.401367 0.037760 0.027344
0 0.805339 0.397461 0.040365 0.026367
0 0.647461 0.437744 0.033203 0.025879
0 0.569010 0.428711 0.028646 0.021484
0 0.602865 0.423340 0.028646 0.024414
0 0.614258 0.435547 0.034505 0.020508
0 0.569010 0.364014 0.028646 0.020020
0 0.597005 0.381348 0.029948 0.022461
0 0.488932 0.395996 0.032552 0.019531
0 0.517904 0.406494 0.029297 0.017090
0 0.541341 0.427002 0.026693 0.020996
0 0.499023 0.423096 0.029297 0.027832
0 0.484049 0.358887 0.027995 0.020508
0 0.505208 0.345459 0.027344 0.018066
0 0.528320 0.347168 0.022786 0.015625
0 0.567383 0.331543 0.030599 0.024414
0 0.602214 0.301758 0.027344 0.018555
0 0.625977 0.286377 0.022786 0.019043
0 0.675781 0.279541 0.029948 0.021973
0 0.344076 0.279297 0.025391 0.015625
0 0.314779 0.303467 0.031901 0.021973
0 0.351562 0.333008 0.026042 0.015625
0 0.383464 0.402832 0.027344 0.016602
0 0.345378 0.449951 0.038411 0.022949
0 0.360352 0.473633 0.026693 0.020508
0 0.388997 0.473877 0.029297 0.020996
0 0.421549 0.447510 0.026693 0.017090
0 0.420898 0.428955 0.021484 0.018066
0 0.457031 0.419922 0.023438 0.015625
0 0.542969 0.492188 0.031250 0.021484
0 0.552409 0.462158 0.027995 0.021973
0 0.614583 0.476807 0.016927 0.020020
0 0.581380 0.487305 0.024740 0.017578
0 0.686523 0.492676 0.027995 0.025391
0 0.844076 0.484375 0.033203 0.028320
0 0.703451 0.461670 0.026693 0.025879
0 0.675130 0.398682 0.032552 0.020996
0 0.700521 0.400635 0.027344 0.023926
0 0.738607 0.416504 0.029297 0.026367
0 0.570964 0.383301 0.024740 0.021484
0 0.499023 0.465088 0.026693 0.016113
0 0.486654 0.449463 0.027995 0.020996
0 0.465495 0.442627 0.027344 0.020996
0 0.215820 0.473633 0.033203 0.022461
0 0.165365 0.438721 0.028646 0.022949
0 0.148438 0.468262 0.018229 0.013672
0 0.251628 0.444092 0.037109 0.025879
0 0.614583 0.260010 0.026042 0.018066
0 0.849284 0.252686 0.026693 0.020996
0 0.884766 0.267334 0.028646 0.019043
0 0.858398 0.528076 0.025391 0.021973
0 0.767253 0.538574 0.027995 0.025391
0 0.619141 0.514893 0.028646 0.020020
0 0.537760 0.519043 0.027344 0.019531
0 0.368164 0.531494 0.035807 0.025879
0 0.300456 0.534424 0.035807 0.023926
0 0.346680 0.538086 0.030599 0.025391
0 0.338542 0.573242 0.036458 0.024414
0 0.382812 0.578369 0.031250 0.018066
0 0.411133 0.583252 0.031901 0.019043
0 0.425130 0.560791 0.026042 0.020020
0 0.422852 0.494629 0.025391 0.020508
0 0.438802 0.527588 0.028646 0.019043
0 0.469076 0.504639 0.020182 0.016113
0 0.475260 0.513916 0.024740 0.015137
0 0.500977 0.534912 0.027995 0.018066
0 0.390951 0.508789 0.024089 0.016602
0 0.180664 0.593750 0.030599 0.026367
0 0.217122 0.616211 0.042318 0.024414
0 0.242513 0.590332 0.030599 0.026367
0 0.25910 0.563721 0.033854 0.022949
0 0.319010 0.600586 0.037760 0.024414
0 0.380208 0.598145 0.029948 0.024414
0 0.445964 0.642090 0.037760 0.022461
0 0.528971 0.639160 0.030599 0.031250
0 0.559245 0.645020 0.035156 0.020508
0 0.563151 0.663330 0.029948 0.022949
0 0.591471 0.656494 0.033203 0.025879
0 0.655273 0.604004 0.026693 0.017578
0 0.699219 0.591797 0.029948 0.022461
0 0.743164 0.659424 0.034505 0.025879
0 0.744792 0.681885 0.036458 0.028809
0 0.736979 0.625000 0.033854 0.024414
0 0.774089 0.630371 0.026042 0.019531
0 0.839518 0.619385 0.027995 0.019043
0 0.647786 0.665039 0.042969 0.031250
0 0.620117 0.734131 0.035807 0.032715
0 0.654622 0.727783 0.041016 0.029785
0 0.672852 0.737549 0.039714 0.030762
0 0.834310 0.690918 0.031901 0.022461
0 0.869141 0.680420 0.027344 0.027832
0 0.880534 0.718262 0.033203 0.029297
0 0.883464 0.766602 0.033854 0.027344
0 0.159831 0.670166 0.043620 0.028809
0 0.124023 0.623291 0.038411 0.024902
0 0.079753 0.614258 0.042318 0.025391
0 0.017253 0.586426 0.033203 0.030273
0 0.054688 0.659180 0.041667 0.022461
0 0.199870 0.739014 0.028646 0.021973
0 0.225260 0.729004 0.031250 0.024414
0 0.282878 0.708496 0.034505 0.025391
0 0.250977 0.673096 0.029297 0.024902
0 0.338542 0.712891 0.039062 0.025391
0 0.538411 0.581543 0.029948 0.024414
0 0.551107 0.561035 0.029297 0.019531
0 0.506185 0.598389 0.029297 0.023926
0 0.481771 0.609375 0.028646 0.020508
0 0.396810 0.637207 0.029297 0.022461
0 0.387370 0.617188 0.027344 0.021484
0 0.280599 0.647217 0.031250 0.019043
0 0.392253 0.700684 0.027995 0.021484
0 0.426107 0.704590 0.031901 0.018555
0 0.149740 0.715088 0.031250 0.027832
0 0.092122 0.591553 0.025391 0.018066
0 0.217122 0.809082 0.031901 0.023438
0 0.162760 0.827881 0.032552 0.022949
0 0.129883 0.826660 0.037109 0.028320
0 0.087891 0.793701 0.029948 0.022949
0 0.427734 0.765381 0.024740 0.016113
0 0.451497 0.787598 0.034505 0.031250
0 0.458984 0.689453 0.027344 0.022461
0 0.497070 0.698242 0.027995 0.017578
0 0.500326 0.738770 0.026693 0.018555
0 0.530273 0.726807 0.024089 0.014160
0 0.552734 0.780762 0.023438 0.019531
0 0.485352 0.771973 0.022786 0.015625
0 0.278320 0.755371 0.033203 0.024414
0 0.316081 0.775635 0.029297 0.017090
0 0.365885 0.809326 0.029948 0.020020
0 0.863607 0.800049 0.025391 0.020996
0 0.367839 0.920410 0.037760 0.029297
0 0.319010 0.831543 0.033854 0.032227
0 0.076172 0.504395 0.027344 0.019531
0 0.123372 0.878174 0.038411 0.025879
0 0.054688 0.898926 0.031250 0.024414
0 0.073242 0.864502 0.027995 0.027832
0 0.032878 0.808838 0.029297 0.019043
0 0.013021 0.814209 0.024740 0.019043
0 0.019206 0.833496 0.024089 0.015625
0 0.562174 0.802246 0.030599 0.024414
0 0.333333 0.742188 0.033854 0.021484
0 0.271159 0.822998 0.029297 0.019043
0 0.247070 0.713623 0.031901 0.025879
0 0.178060 0.638672 0.029297 0.022461
0 0.202474 0.693604 0.032552 0.019043
0 0.190430 0.855469 0.035807 0.023438
0 0.236003 0.982178 0.027995 0.023926
0 0.197917 0.928955 0.041667 0.034668
0 0.750977 0.503662 0.031901 0.019043
0 0.792318 0.556641 0.026042 0.025391
0 0.939128 0.657471 0.022786 0.020020
0 0.925456 0.697266 0.031901 0.023438
0 0.901693 0.517578 0.022135 0.018555
0 0.909831 0.805664 0.029297 0.027344
0 0.920898 0.767334 0.038411 0.027832
0 0.847331 0.737061 0.027995 0.024902
0 0.577474 0.234375 0.026042 0.016602
