0 0.925781 0.708740 0.039062 0.029785
0 0.895508 0.728027 0.048828 0.022461
0 0.600911 0.906982 0.045573 0.028809
0 0.455404 0.903564 0.038411 0.027832
0 0.435872 0.864502 0.027995 0.025879
0 0.354492 0.915527 0.035807 0.027344
0 0.249674 0.773926 0.033203 0.021484
0 0.297201 0.743896 0.031901 0.025879
0 0.625326 0.722412 0.044922 0.038574
0 0.739583 0.611084 0.033854 0.020996
0 0.712891 0.604736 0.024740 0.016113
0 0.819661 0.681396 0.033854 0.024902
0 0.683594 0.706787 0.037760 0.032715
0 0.543620 0.833740 0.037760 0.024902
0 0.443359 0.729248 0.035156 0.023926
0 0.424479 0.930420 0.028646 0.021973
0 0.440755 0.951416 0.026042 0.019043
0 0.246094 0.897705 0.026042 0.020996
0 0.184245 0.893799 0.033854 0.026855
0 0.185872 0.816162 0.031901 0.027832
0 0.171549 0.758789 0.029297 0.031250
0 0.220703 0.780029 0.035156 0.023926
0 0.281576 0.786865 0.035807 0.020996
0 0.333659 0.726562 0.034505 0.020508
0 0.266602 0.699463 0.029297 0.027832
0 0.552734 0.675537 0.045573 0.034668
0 0.483398 0.647949 0.031901 0.031250
0 0.535156 0.690918 0.041667 0.023438
0 0.440755 0.623779 0.032552 0.023926
0 0.416016 0.651123 0.027344 0.025879
0 0.763997 0.757568 0.035807 0.018066
0 0.785807 0.738037 0.032552 0.020996
0 0.756836 0.717041 0.029297 0.019043
0 0.750977 0.676025 0.033203 0.023926
0 0.671549 0.588867 0.035807 0.024414
0 0.675130 0.563232 0.026042 0.019043
0 0.630859 0.548340 0.036458 0.032227
0 0.644531 0.574463 0.032552 0.023926
0 0.602865 0.557861 0.031250 0.028809
0 0.604167 0.576416 0.027344 0.019043
0 0.555339 0.594238 0.031250 0.020508
0 0.524740 0.586914 0.024740 0.015625
0 0.492188 0.534668 0.036458 0.026367
0 0.696615 0.522705 0.041667 0.025879
0 0.661133 0.519043 0.041016 0.030273
0 0.961589 0.512451 0.042969 0.029785
0 0.842773 0.574463 0.034505 0.024902
0 0.815755 0.597412 0.033854 0.025879
0 0.319661 0.551025 0.036458 0.025879
0 0.230143 0.547363 0.038411 0.026367
0 0.245117 0.500244 0.041016 0.023926
0 0.271484 0.486328 0.033854 0.027344
0 0.306641 0.506592 0.035156 0.029785
0 0.162109 0.530273 0.035156 0.030273
0 0.267578 0.578613 0.027344 0.023438
0 0.346029 0.528564 0.034505 0.020996
0 0.743490 0.530029 0.033854 0.020020
0 0.831055 0.519531 0.044922 0.026367
0 0.569010 0.459717 0.041667 0.030762
0 0.619792 0.442627 0.040365 0.025879
0 0.740885 0.451416 0.039062 0.027832
0 0.764648 0.418701 0.034505 0.020996
0 0.576497 0.367676 0.042318 0.030273
0 0.562174 0.413574 0.042318 0.032227
0 0.452148 0.454834 0.030599 0.020996
0 0.320312 0.362549 0.028646 0.024902
0 0.332682 0.331787 0.028646 0.025879
0 0.114583 0.444580 0.031250 0.034668
0 0.701497 0.428711 0.026693 0.022461
0 0.746745 0.484375 0.045573 0.035156
0 0.820312 0.467285 0.037760 0.022461
0 0.966471 0.460449 0.027995 0.020508
0 0.938802 0.458252 0.028646 0.019043
0 0.926432 0.413574 0.032552 0.024414
0 0.682943 0.359375 0.027344 0.020508
0 0.719727 0.322021 0.035807 0.025879
0 0.673503 0.295654 0.035807 0.026855
0 0.677083 0.265869 0.037760 0.023926
0 0.762044 0.196533 0.042318 0.027832
0 0.794922 0.218750 0.028646 0.022461
0 0.837891 0.307861 0.036458 0.024902
0 0.841471 0.356445 0.034505 0.029297
0 0.753581 0.380615 0.029297 0.024902
0 0.420247 0.368408 0.024089 0.014160
0 0.358398 0.387207 0.026693 0.024414
0 0.461589 0.408447 0.044271 0.034668
0 0.513672 0.423584 0.035156 0.026855
0 0.395508 0.279297 0.034505 0.026367
0 0.428385 0.215332 0.036458 0.024414
0 0.129232 0.177490 0.039714 0.030762
0 0.281901 0.226074 0.029948 0.024414
0 0.237305 0.268799 0.037109 0.021973
0 0.716471 0.222412 0.035807 0.025879
0 0.685221 0.222412 0.042318 0.023926
0 0.946289 0.484619 0.030599 0.023926
0 0.105794 0.415039 0.038411 0.031250
0 0.060221 0.441406 0.039714 0.028320
0 0.048503 0.191650 0.039714 0.027832
0 0.091146 0.290771 0.032552 0.026855
0 0.024089 0.317871 0.044271 0.031250
0 0.553385 0.295166 0.033854 0.023926
0 0.671549 0.125488 0.037109 0.023438
0 0.718424 0.126953 0.041016 0.026367
0 0.808268 0.144531 0.034505 0.022461
0 0.886393 0.140381 0.029297 0.023926
0 0.765299 0.139404 0.039714 0.024902
0 0.792969 0.069336 0.039062 0.024414
0 0.538411 0.054199 0.039062 0.034180
0 0.368815 0.071045 0.047526 0.032715
0 0.630208 0.401123 0.040365 0.027832
0 0.676758 0.337402 0.042318 0.024414
0 0.917318 0.336914 0.033854 0.026367
0 0.805990 0.103027 0.032552 0.024414
0 0.701172 0.092773 0.035156 0.027344
0 0.391602 0.308838 0.046224 0.034668
0 0.462891 0.218750 0.026042 0.024414
0 0.361979 0.454834 0.033854 0.021973
0 0.402995 0.463867 0.035156 0.029297
0 0.337891 0.671387 0.039062 0.025391
0 0.382812 0.644043 0.026042 0.019531
0 0.321615 0.596680 0.040365 0.031250
0 0.426107 0.499268 0.026693 0.020996
