0 0.797654 0.183594 0.090909 0.070312
0 0.840909 0.037760 0.074780 0.067708
0 0.953079 0.207682 0.090909 0.082031
0 0.895161 0.264323 0.092375 0.075521
0 0.649560 0.269531 0.105572 0.075521
0 0.685484 0.329427 0.095308 0.075521
0 0.664956 0.425130 0.074780 0.069010
0 0.653959 0.550130 0.070381 0.069010
0 0.638563 0.696615 0.107038 0.088542
0 0.601173 0.774089 0.090909 0.084635
0 0.660557 0.039714 0.095308 0.063802
0 0.601906 0.086589 0.083578 0.074219
0 0.406158 0.125000 0.087977 0.062500
0 0.525660 0.263672 0.074780 0.074219
0 0.483871 0.562500 0.082111 0.062500
0 0.441349 0.621745 0.082111 0.066406
0 0.509531 0.697917 0.112903 0.104167
0 0.271994 0.543620 0.089443 0.089844
0 0.107038 0.526042 0.105572 0.085938
0 0.069648 0.639323 0.101173 0.096354
0 0.659091 0.927083 0.112903 0.088542
0 0.219208 0.807943 0.121701 0.102865
0 0.373167 0.853516 0.063050 0.058594
0 0.251466 0.138021 0.089443 0.075521
0 0.326246 0.234375 0.080645 0.078125
0 0.405425 0.270833 0.101173 0.072917
0 0.134164 0.060547 0.095308 0.066406
0 0.129765 0.127604 0.080645 0.072917
0 0.039589 0.229167 0.079179 0.080729
0 0.213343 0.290365 0.080645 0.067708
0 0.124633 0.327474 0.117302 0.097656
0 0.096774 0.465495 0.090909 0.082031
0 0.302053 0.440104 0.087977 0.072917
0 0.224340 0.424479 0.079179 0.072917
0 0.247067 0.623698 0.077713 0.075521
