0 0.816406 0.797654 0.070312 0.090909
0 0.962240 0.840909 0.067708 0.074780
0 0.792318 0.953079 0.082031 0.090909
0 0.735677 0.895161 0.075521 0.092375
0 0.730469 0.649560 0.075521 0.105572
0 0.670573 0.685484 0.075521 0.095308
0 0.574870 0.664956 0.069010 0.074780
0 0.449870 0.653959 0.069010 0.070381
0 0.303385 0.638563 0.088542 0.107038
0 0.225911 0.601173 0.084635 0.090909
0 0.960286 0.660557 0.063802 0.095308
0 0.913411 0.601906 0.074219 0.083578
0 0.875000 0.406158 0.062500 0.087977
0 0.736328 0.525660 0.074219 0.074780
0 0.437500 0.483871 0.062500 0.082111
0 0.378255 0.441349 0.066406 0.082111
0 0.302083 0.509531 0.104167 0.112903
0 0.456380 0.271994 0.089844 0.089443
0 0.473958 0.107038 0.085938 0.105572
0 0.360677 0.069648 0.096354 0.101173
0 0.072917 0.659091 0.088542 0.112903
0 0.192057 0.219208 0.102865 0.121701
0 0.146484 0.373167 0.058594 0.063050
0 0.861979 0.251466 0.075521 0.089443
0 0.765625 0.326246 0.078125 0.080645
0 0.729167 0.405425 0.072917 0.101173
0 0.939453 0.134164 0.066406 0.095308
0 0.872396 0.129765 0.072917 0.080645
0 0.770833 0.039589 0.080729 0.079179
0 0.709635 0.213343 0.067708 0.080645
0 0.672526 0.124633 0.097656 0.117302
0 0.534505 0.096774 0.082031 0.090909
0 0.559896 0.302053 0.072917 0.087977
0 0.575521 0.224340 0.072917 0.079179
0 0.376302 0.247067 0.075521 0.077713
