0 0.183594 0.202346 0.070312 0.090909
0 0.037760 0.159091 0.067708 0.074780
0 0.207682 0.046921 0.082031 0.090909
0 0.264323 0.104839 0.075521 0.092375
0 0.269531 0.350440 0.075521 0.105572
0 0.329427 0.314516 0.075521 0.095308
0 0.425130 0.335044 0.069010 0.074780
0 0.550130 0.346041 0.069010 0.070381
0 0.696615 0.361437 0.088542 0.107038
0 0.774089 0.398827 0.084635 0.090909
0 0.039714 0.339443 0.063802 0.095308
0 0.086589 0.398094 0.074219 0.083578
0 0.125000 0.593842 0.062500 0.087977
0 0.263672 0.474340 0.074219 0.074780
0 0.562500 0.516129 0.062500 0.082111
0 0.621745 0.558651 0.066406 0.082111
0 0.697917 0.490469 0.104167 0.112903
0 0.543620 0.728006 0.089844 0.089443
0 0.526042 0.892962 0.085938 0.105572
0 0.639323 0.930352 0.096354 0.101173
0 0.927083 0.340909 0.088542 0.112903
0 0.807943 0.780792 0.102865 0.121701
0 0.853516 0.626833 0.058594 0.063050
0 0.138021 0.748534 0.075521 0.089443
0 0.234375 0.673754 0.078125 0.080645
0 0.270833 0.594575 0.072917 0.101173
0 0.060547 0.865836 0.066406 0.095308
0 0.127604 0.870235 0.072917 0.080645
0 0.229167 0.960411 0.080729 0.079179
0 0.290365 0.786657 0.067708 0.080645
0 0.327474 0.875367 0.097656 0.117302
0 0.465495 0.903226 0.082031 0.090909
0 0.440104 0.697947 0.072917 0.087977
0 0.424479 0.775660 0.072917 0.079179
0 0.623698 0.752933 0.075521 0.077713
