0 0.202346 0.816406 0.090909 0.070312
0 0.159091 0.962240 0.074780 0.067708
0 0.046921 0.792318 0.090909 0.082031
0 0.104839 0.735677 0.092375 0.075521
0 0.350440 0.730469 0.105572 0.075521
0 0.314516 0.670573 0.095308 0.075521
0 0.335044 0.574870 0.074780 0.069010
0 0.346041 0.449870 0.070381 0.069010
0 0.361437 0.303385 0.107038 0.088542
0 0.398827 0.225911 0.090909 0.084635
0 0.339443 0.960286 0.095308 0.063802
0 0.398094 0.913411 0.083578 0.074219
0 0.593842 0.875000 0.087977 0.062500
0 0.474340 0.736328 0.074780 0.074219
0 0.516129 0.437500 0.082111 0.062500
0 0.558651 0.378255 0.082111 0.066406
0 0.490469 0.302083 0.112903 0.104167
0 0.728006 0.456380 0.089443 0.089844
0 0.892962 0.473958 0.105572 0.085938
0 0.930352 0.360677 0.101173 0.096354
0 0.340909 0.072917 0.112903 0.088542
0 0.780792 0.192057 0.121701 0.102865
0 0.626833 0.146484 0.063050 0.058594
0 0.748534 0.861979 0.089443 0.075521
0 0.673754 0.765625 0.080645 0.078125
0 0.594575 0.729167 0.101173 0.072917
0 0.865836 0.939453 0.095308 0.066406
0 0.870235 0.872396 0.080645 0.072917
0 0.960411 0.770833 0.079179 0.080729
0 0.786657 0.709635 0.080645 0.067708
0 0.875367 0.672526 0.117302 0.097656
0 0.903226 0.534505 0.090909 0.082031
0 0.697947 0.559896 0.087977 0.072917
0 0.775660 0.575521 0.079179 0.072917
0 0.752933 0.376302 0.077713 0.075521
