0 0.079912 0.629557 0.107038 0.136719
0 0.158358 0.781250 0.108504 0.104167
0 0.279326 0.332031 0.148094 0.153646
0 0.173021 0.435547 0.123167 0.097656
0 0.238270 0.948568 0.109971 0.100260
0 0.051320 0.903646 0.099707 0.127604
0 0.058651 0.809245 0.099707 0.113281
0 0.394428 0.649740 0.099707 0.093750
0 0.429619 0.735026 0.123167 0.118490
0 0.414956 0.567057 0.105572 0.105469
0 0.477273 0.453125 0.121701 0.109375
0 0.870968 0.861328 0.085044 0.118490
0 0.558651 0.957682 0.131965 0.082031
0 0.579179 0.866536 0.079179 0.076823
0 0.563783 0.729818 0.104106 0.110677
0 0.607038 0.644531 0.093842 0.080729
0 0.281525 0.756510 0.064516 0.059896
0 0.200147 0.712240 0.092375 0.093750
0 0.052053 0.473307 0.101173 0.175781
0 0.100440 0.220052 0.115836 0.114583
0 0.190616 0.304036 0.137830 0.134115
0 0.377566 0.108073 0.095308 0.091146
0 0.697947 0.810547 0.076246 0.095052
0 0.298387 0.422526 0.098240 0.110677
0 0.549853 0.603516 0.073314 0.092448
0 0.157625 0.160807 0.092375 0.123698
0 0.430352 0.348958 0.071848 0.072917
