0 0.728006 0.238281 0.151026 0.148438
0 0.895161 0.358724 0.130499 0.123698
0 0.771261 0.089193 0.082111 0.105469
0 0.950880 0.064453 0.095308 0.118490
0 0.900293 0.598958 0.175953 0.164062
0 0.783724 0.705729 0.142229 0.119792
0 0.873900 0.766927 0.131965 0.140625
0 0.640029 0.809245 0.121701 0.108073
0 0.515396 0.836589 0.127566 0.118490
0 0.771261 0.836589 0.134897 0.115885
0 0.947947 0.805339 0.101173 0.115885
0 0.873900 0.884766 0.111437 0.100260
0 0.773460 0.423177 0.086510 0.080729
0 0.656891 0.458984 0.085044 0.084635
0 0.586510 0.234375 0.111437 0.122396
0 0.671554 0.118490 0.090909 0.083333
0 0.475806 0.059896 0.101173 0.088542
0 0.526393 0.136068 0.082111 0.063802
0 0.433284 0.187500 0.092375 0.093750
0 0.568182 0.410156 0.130499 0.148438
0 0.451613 0.424479 0.152493 0.140625
0 0.427419 0.581380 0.151026 0.128906
0 0.329179 0.508464 0.121701 0.121094
0 0.303519 0.608073 0.105572 0.122396
0 0.201613 0.602865 0.136364 0.138021
0 0.171554 0.705729 0.111437 0.143229
0 0.330645 0.285156 0.142229 0.130208
0 0.054252 0.358073 0.096774 0.111979
0 0.335777 0.719401 0.090909 0.079427
0 0.490469 0.702474 0.107038 0.126302
0 0.369501 0.836589 0.099707 0.100260
0 0.372434 0.920573 0.134897 0.106771
0 0.245601 0.904948 0.095308 0.104167
0 0.275660 0.773438 0.126100 0.111979
0 0.080645 0.824870 0.058651 0.061198
0 0.049853 0.759115 0.073314 0.078125
0 0.055718 0.618490 0.099707 0.125000
0 0.202346 0.270833 0.120235 0.119792
0 0.935484 0.156250 0.070381 0.072917
0 0.150293 0.907552 0.107038 0.111979
0 0.150293 0.845703 0.086510 0.097656
0 0.637830 0.567708 0.114370 0.093750
0 0.850440 0.054036 0.090909 0.079427
0 0.819648 0.100260 0.108504 0.096354
