0 0.271994 0.761719 0.151026 0.148438
0 0.104839 0.641276 0.130499 0.123698
0 0.228739 0.910807 0.082111 0.105469
0 0.049120 0.935547 0.095308 0.118490
0 0.099707 0.401042 0.175953 0.164062
0 0.216276 0.294271 0.142229 0.119792
0 0.126100 0.233073 0.131965 0.140625
0 0.359971 0.190755 0.121701 0.108073
0 0.484604 0.163411 0.127566 0.118490
0 0.228739 0.163411 0.134897 0.115885
0 0.052053 0.194661 0.101173 0.115885
0 0.126100 0.115234 0.111437 0.100260
0 0.226540 0.576823 0.086510 0.080729
0 0.343109 0.541016 0.085044 0.084635
0 0.413490 0.765625 0.111437 0.122396
0 0.328446 0.881510 0.090909 0.083333
0 0.524194 0.940104 0.101173 0.088542
0 0.473607 0.863932 0.082111 0.063802
0 0.566716 0.812500 0.092375 0.093750
0 0.431818 0.589844 0.130499 0.148438
0 0.548387 0.575521 0.152493 0.140625
0 0.572581 0.418620 0.151026 0.128906
0 0.670821 0.491536 0.121701 0.121094
0 0.696481 0.391927 0.105572 0.122396
0 0.798387 0.397135 0.136364 0.138021
0 0.828446 0.294271 0.111437 0.143229
0 0.669355 0.714844 0.142229 0.130208
0 0.945748 0.641927 0.096774 0.111979
0 0.664223 0.280599 0.090909 0.079427
0 0.509531 0.297526 0.107038 0.126302
0 0.630499 0.163411 0.099707 0.100260
0 0.627566 0.079427 0.134897 0.106771
0 0.754399 0.095052 0.095308 0.104167
0 0.724340 0.226562 0.126100 0.111979
0 0.919355 0.175130 0.058651 0.061198
0 0.950147 0.240885 0.073314 0.078125
0 0.944282 0.381510 0.099707 0.125000
0 0.797654 0.729167 0.120235 0.119792
0 0.064516 0.843750 0.070381 0.072917
0 0.849707 0.092448 0.107038 0.111979
0 0.849707 0.154297 0.086510 0.097656
0 0.362170 0.432292 0.114370 0.093750
0 0.149560 0.945964 0.090909 0.079427
0 0.180352 0.899740 0.108504 0.096354
