0 0.943548 0.271484 0.109971 0.118490
0 0.939150 0.386068 0.118768 0.128906
0 0.719941 0.324870 0.099707 0.095052
0 0.902493 0.601562 0.127566 0.119792
0 0.840176 0.818359 0.114370 0.123698
0 0.563050 0.188802 0.105572 0.109375
0 0.611437 0.276693 0.111437 0.084635
0 0.486070 0.305990 0.104106 0.083333
0 0.356305 0.389323 0.099707 0.096354
0 0.246334 0.234375 0.111437 0.088542
0 0.221408 0.057292 0.158358 0.109375
0 0.122434 0.160156 0.118768 0.117188
0 0.260997 0.718099 0.134897 0.131510
0 0.348240 0.569661 0.095308 0.100260
0 0.708211 0.193359 0.064516 0.063802
0 0.212610 0.338542 0.099707 0.106771
0 0.870235 0.056641 0.092375 0.110677
