0 0.056452 0.728516 0.109971 0.118490
0 0.060850 0.613932 0.118768 0.128906
0 0.280059 0.675130 0.099707 0.095052
0 0.097507 0.398438 0.127566 0.119792
0 0.159824 0.181641 0.114370 0.123698
0 0.436950 0.811198 0.105572 0.109375
0 0.388563 0.723307 0.111437 0.084635
0 0.513930 0.694010 0.104106 0.083333
0 0.643695 0.610677 0.099707 0.096354
0 0.753666 0.765625 0.111437 0.088542
0 0.778592 0.942708 0.158358 0.109375
0 0.877566 0.839844 0.118768 0.117188
0 0.739003 0.281901 0.134897 0.131510
0 0.651760 0.430339 0.095308 0.100260
0 0.291789 0.806641 0.064516 0.063802
0 0.787390 0.661458 0.099707 0.106771
0 0.129765 0.943359 0.092375 0.110677
