0 0.219941 0.507161 0.146628 0.134115
0 0.263930 0.339193 0.131965 0.095052
0 0.569648 0.841797 0.171554 0.149740
0 0.510264 0.633464 0.131965 0.136719
0 0.428152 0.360677 0.164223 0.117188
0 0.507331 0.270182 0.143695 0.113281
0 0.667155 0.452474 0.114370 0.095052
0 0.727273 0.395833 0.120235 0.117188
0 0.637830 0.212891 0.120235 0.126302
0 0.370968 0.759766 0.143695 0.126302
0 0.835044 0.904948 0.124633 0.122396
0 0.059384 0.226562 0.115836 0.104167
0 0.895161 0.290365 0.139296 0.130208
0 0.956012 0.878906 0.087977 0.153646
