0 0.780059 0.492839 0.146628 0.134115
0 0.736070 0.660807 0.131965 0.095052
0 0.430352 0.158203 0.171554 0.149740
0 0.489736 0.366536 0.131965 0.136719
0 0.571848 0.639323 0.164223 0.117188
0 0.492669 0.729818 0.143695 0.113281
0 0.332845 0.547526 0.114370 0.095052
0 0.272727 0.604167 0.120235 0.117188
0 0.362170 0.787109 0.120235 0.126302
0 0.629032 0.240234 0.143695 0.126302
0 0.164956 0.095052 0.124633 0.122396
0 0.940616 0.773438 0.115836 0.104167
0 0.104839 0.709635 0.139296 0.130208
0 0.043988 0.121094 0.087977 0.153646
