0 0.507161 0.780059 0.134115 0.146628
0 0.339193 0.736070 0.095052 0.131965
0 0.841797 0.430352 0.149740 0.171554
0 0.633464 0.489736 0.136719 0.131965
0 0.360677 0.571848 0.117188 0.164223
0 0.270182 0.492669 0.113281 0.143695
0 0.452474 0.332845 0.095052 0.114370
0 0.395833 0.272727 0.117188 0.120235
0 0.212891 0.362170 0.126302 0.120235
0 0.759766 0.629032 0.126302 0.143695
0 0.904948 0.164956 0.122396 0.124633
0 0.226562 0.940616 0.104167 0.115836
0 0.290365 0.104839 0.130208 0.139296
0 0.878906 0.043988 0.153646 0.087977
