0 0.223307 0.165689 0.113281 0.120235
0 0.389974 0.201613 0.095052 0.112903
0 0.673177 0.074047 0.098958 0.077713
0 0.482422 0.069648 0.105469 0.089443
0 0.287109 0.134164 0.084635 0.089443
0 0.131510 0.344575 0.104167 0.102639
0 0.802734 0.335044 0.089844 0.101173
0 0.433594 0.387830 0.085938 0.074780
0 0.386719 0.484604 0.091146 0.077713
0 0.749349 0.551320 0.074219 0.099707
0 0.723307 0.653959 0.092448 0.108504
0 0.792969 0.711877 0.083333 0.089443
0 0.307292 0.670821 0.114583 0.098240
0 0.400391 0.796921 0.100260 0.086510
0 0.576172 0.872434 0.074219 0.082111
0 0.102865 0.733871 0.104167 0.068915
0 0.034505 0.488270 0.066406 0.073314
0 0.064453 0.382698 0.087240 0.085044
0 0.964844 0.373167 0.070312 0.095308
0 0.902995 0.068182 0.087240 0.074780
0 0.385417 0.557185 0.085938 0.090909
0 0.466797 0.601173 0.095052 0.105572
0 0.197917 0.282991 0.083333 0.076246
