0 0.165689 0.776693 0.120235 0.113281
0 0.201613 0.610026 0.112903 0.095052
0 0.074047 0.326823 0.077713 0.098958
0 0.069648 0.517578 0.089443 0.105469
0 0.134164 0.712891 0.089443 0.084635
0 0.344575 0.868490 0.102639 0.104167
0 0.335044 0.197266 0.101173 0.089844
0 0.387830 0.566406 0.074780 0.085938
0 0.484604 0.613281 0.077713 0.091146
0 0.551320 0.250651 0.099707 0.074219
0 0.653959 0.276693 0.108504 0.092448
0 0.711877 0.207031 0.089443 0.083333
0 0.670821 0.692708 0.098240 0.114583
0 0.796921 0.599609 0.086510 0.100260
0 0.872434 0.423828 0.082111 0.074219
0 0.733871 0.897135 0.068915 0.104167
0 0.488270 0.965495 0.073314 0.066406
0 0.382698 0.935547 0.085044 0.087240
0 0.373167 0.035156 0.095308 0.070312
0 0.068182 0.097005 0.074780 0.087240
0 0.557185 0.614583 0.090909 0.085938
0 0.601173 0.533203 0.105572 0.095052
0 0.282991 0.802083 0.076246 0.083333
