0 0.588542 0.868768 0.096354 0.104106
0 0.795573 0.920821 0.093750 0.085044
0 0.896484 0.873167 0.053385 0.054252
0 0.956380 0.903226 0.079427 0.087977
0 0.310547 0.888563 0.082031 0.070381
0 0.373698 0.964076 0.075521 0.068915
0 0.262370 0.942082 0.061198 0.068915
0 0.042969 0.872434 0.083333 0.105572
0 0.473958 0.724340 0.111979 0.117302
0 0.717448 0.538123 0.106771 0.123167
0 0.695312 0.814516 0.083333 0.080645
0 0.506510 0.478739 0.104167 0.112903
0 0.593750 0.400293 0.091146 0.090909
0 0.490234 0.362903 0.079427 0.080645
0 0.265625 0.459677 0.104167 0.107038
0 0.226562 0.548387 0.075521 0.090909
0 0.113281 0.486070 0.072917 0.089443
0 0.115885 0.394428 0.080729 0.064516
0 0.893880 0.447947 0.118490 0.095308
0 0.814453 0.361437 0.087240 0.071848
0 0.768880 0.260264 0.100260 0.109971
0 0.715495 0.064516 0.123698 0.129032
0 0.158854 0.164223 0.104167 0.102639
0 0.050781 0.283724 0.072917 0.098240
0 0.151042 0.275660 0.085938 0.087977
0 0.343750 0.824047 0.070312 0.079179
0 0.798177 0.626833 0.125000 0.118768
0 0.291016 0.694282 0.092448 0.104106
0 0.938151 0.542522 0.100260 0.093842
0 0.263021 0.373167 0.096354 0.098240
0 0.188151 0.431818 0.069010 0.071848
0 0.156250 0.551320 0.080729 0.087977
0 0.198568 0.700880 0.074219 0.067449
0 0.563151 0.131232 0.089844 0.098240
0 0.403646 0.107771 0.070312 0.065982
0 0.261068 0.173021 0.095052 0.120235
0 0.718750 0.435484 0.088542 0.079179
0 0.664714 0.632698 0.102865 0.089443
0 0.782552 0.717742 0.091146 0.095308
0 0.867188 0.772727 0.083333 0.096774
0 0.522786 0.620235 0.087240 0.082111
0 0.617839 0.531525 0.061198 0.068915
0 0.352214 0.377566 0.079427 0.095308
0 0.457682 0.203812 0.071615 0.087977
0 0.628255 0.225806 0.063802 0.070381
0 0.667969 0.193548 0.080729 0.087977
0 0.036458 0.093109 0.072917 0.104106
0 0.152995 0.107038 0.092448 0.085044
0 0.136068 0.042522 0.126302 0.085044
0 0.706380 0.947947 0.069010 0.068915
0 0.654297 0.762463 0.069010 0.067449
0 0.488932 0.073314 0.079427 0.076246
0 0.112630 0.664956 0.071615 0.083578
0 0.110677 0.725073 0.067708 0.080645
0 0.189453 0.959677 0.105469 0.077713
0 0.348958 0.570381 0.078125 0.102639
0 0.098307 0.799853 0.055990 0.063050
0 0.052083 0.767595 0.062500 0.068915
