0 0.411458 0.131232 0.096354 0.104106
0 0.204427 0.079179 0.093750 0.085044
0 0.103516 0.126833 0.053385 0.054252
0 0.043620 0.096774 0.079427 0.087977
0 0.689453 0.111437 0.082031 0.070381
0 0.626302 0.035924 0.075521 0.068915
0 0.737630 0.057918 0.061198 0.068915
0 0.957031 0.127566 0.083333 0.105572
0 0.526042 0.275660 0.111979 0.117302
0 0.282552 0.461877 0.106771 0.123167
0 0.304688 0.185484 0.083333 0.080645
0 0.493490 0.521261 0.104167 0.112903
0 0.406250 0.599707 0.091146 0.090909
0 0.509766 0.637097 0.079427 0.080645
0 0.734375 0.540323 0.104167 0.107038
0 0.773438 0.451613 0.075521 0.090909
0 0.886719 0.513930 0.072917 0.089443
0 0.884115 0.605572 0.080729 0.064516
0 0.106120 0.552053 0.118490 0.095308
0 0.185547 0.638563 0.087240 0.071848
0 0.231120 0.739736 0.100260 0.109971
0 0.284505 0.935484 0.123698 0.129032
0 0.841146 0.835777 0.104167 0.102639
0 0.949219 0.716276 0.072917 0.098240
0 0.848958 0.724340 0.085938 0.087977
0 0.656250 0.175953 0.070312 0.079179
0 0.201823 0.373167 0.125000 0.118768
0 0.708984 0.305718 0.092448 0.104106
0 0.061849 0.457478 0.100260 0.093842
0 0.736979 0.626833 0.096354 0.098240
0 0.811849 0.568182 0.069010 0.071848
0 0.843750 0.448680 0.080729 0.087977
0 0.801432 0.299120 0.074219 0.067449
0 0.436849 0.868768 0.089844 0.098240
0 0.596354 0.892229 0.070312 0.065982
0 0.738932 0.826979 0.095052 0.120235
0 0.281250 0.564516 0.088542 0.079179
0 0.335286 0.367302 0.102865 0.089443
0 0.217448 0.282258 0.091146 0.095308
0 0.132812 0.227273 0.083333 0.096774
0 0.477214 0.379765 0.087240 0.082111
0 0.382161 0.468475 0.061198 0.068915
0 0.647786 0.622434 0.079427 0.095308
0 0.542318 0.796188 0.071615 0.087977
0 0.371745 0.774194 0.063802 0.070381
0 0.332031 0.806452 0.080729 0.087977
0 0.963542 0.906891 0.072917 0.104106
0 0.847005 0.892962 0.092448 0.085044
0 0.863932 0.957478 0.126302 0.085044
0 0.293620 0.052053 0.069010 0.068915
0 0.345703 0.237537 0.069010 0.067449
0 0.511068 0.926686 0.079427 0.076246
0 0.887370 0.335044 0.071615 0.083578
0 0.889323 0.274927 0.067708 0.080645
0 0.810547 0.040323 0.105469 0.077713
0 0.651042 0.429619 0.078125 0.102639
0 0.901693 0.200147 0.055990 0.063050
0 0.947917 0.232405 0.062500 0.068915
