0 0.868768 0.411458 0.104106 0.096354
0 0.920821 0.204427 0.085044 0.093750
0 0.873167 0.103516 0.054252 0.053385
0 0.903226 0.043620 0.087977 0.079427
0 0.888563 0.689453 0.070381 0.082031
0 0.964076 0.626302 0.068915 0.075521
0 0.942082 0.737630 0.068915 0.061198
0 0.872434 0.957031 0.105572 0.083333
0 0.724340 0.526042 0.117302 0.111979
0 0.538123 0.282552 0.123167 0.106771
0 0.814516 0.304688 0.080645 0.083333
0 0.478739 0.493490 0.112903 0.104167
0 0.400293 0.406250 0.090909 0.091146
0 0.362903 0.509766 0.080645 0.079427
0 0.459677 0.734375 0.107038 0.104167
0 0.548387 0.773438 0.090909 0.075521
0 0.486070 0.886719 0.089443 0.072917
0 0.394428 0.884115 0.064516 0.080729
0 0.447947 0.106120 0.095308 0.118490
0 0.361437 0.185547 0.071848 0.087240
0 0.260264 0.231120 0.109971 0.100260
0 0.064516 0.284505 0.129032 0.123698
0 0.164223 0.841146 0.102639 0.104167
0 0.283724 0.949219 0.098240 0.072917
0 0.275660 0.848958 0.087977 0.085938
0 0.824047 0.656250 0.079179 0.070312
0 0.626833 0.201823 0.118768 0.125000
0 0.694282 0.708984 0.104106 0.092448
0 0.542522 0.061849 0.093842 0.100260
0 0.373167 0.736979 0.098240 0.096354
0 0.431818 0.811849 0.071848 0.069010
0 0.551320 0.843750 0.087977 0.080729
0 0.700880 0.801432 0.067449 0.074219
0 0.131232 0.436849 0.098240 0.089844
0 0.107771 0.596354 0.065982 0.070312
0 0.173021 0.738932 0.120235 0.095052
0 0.435484 0.281250 0.079179 0.088542
0 0.632698 0.335286 0.089443 0.102865
0 0.717742 0.217448 0.095308 0.091146
0 0.772727 0.132812 0.096774 0.083333
0 0.620235 0.477214 0.082111 0.087240
0 0.531525 0.382161 0.068915 0.061198
0 0.377566 0.647786 0.095308 0.079427
0 0.203812 0.542318 0.087977 0.071615
0 0.225806 0.371745 0.070381 0.063802
0 0.193548 0.332031 0.087977 0.080729
0 0.093109 0.963542 0.104106 0.072917
0 0.107038 0.847005 0.085044 0.092448
0 0.042522 0.863932 0.085044 0.126302
0 0.947947 0.293620 0.068915 0.069010
0 0.762463 0.345703 0.067449 0.069010
0 0.073314 0.511068 0.076246 0.079427
0 0.664956 0.887370 0.083578 0.071615
0 0.725073 0.889323 0.080645 0.067708
0 0.959677 0.810547 0.077713 0.105469
0 0.570381 0.651042 0.102639 0.078125
0 0.799853 0.901693 0.063050 0.055990
0 0.767595 0.947917 0.068915 0.062500
