1 0.204583 0.356771 0.085833 0.055208
1 0.133333 0.381771 0.080000 0.048958
1 0.206250 0.296875 0.069167 0.053125
1 0.133333 0.327865 0.061667 0.034896
1 0.145417 0.271615 0.067500 0.043229
1 0.407500 0.679948 0.150000 0.097396
1 0.440417 0.457292 0.042500 0.036458
1 0.435417 0.494271 0.047500 0.033333
1 0.662500 0.648438 0.061667 0.039583
0 0.647917 0.613281 0.040833 0.025521
1 0.726667 0.614062 0.035000 0.022917
1 0.710000 0.654427 0.053333 0.032813
0 0.615833 0.643490 0.031667 0.023438
0 0.762083 0.630469 0.022500 0.018229
0 0.606250 0.703646 0.025833 0.015625
0 0.800000 0.641667 0.028333 0.019792
