1 0.494271 0.512917 0.055208 0.072500
1 0.664323 0.800000 0.125521 0.195000
0 0.480990 0.438333 0.028646 0.045000
0 0.452865 0.572917 0.031771 0.052500
0 0.439844 0.608333 0.038021 0.065000
0 0.488021 0.574583 0.033333 0.047500
0 0.551823 0.562500 0.033854 0.055000
0 0.519010 0.442500 0.026562 0.045000
0 0.539844 0.430000 0.020313 0.033333
0 0.517188 0.610833 0.029167 0.055000
0 0.438021 0.543750 0.027083 0.042500
0 0.538542 0.500000 0.034375 0.045000
0 0.471094 0.514167 0.024479 0.043333
1 0.661198 0.575833 0.034896 0.061667
