1 0.280417 0.632812 0.092500 0.069792
1 0.516667 0.690104 0.146667 0.081250
1 0.225833 0.329427 0.165000 0.105729
1 0.494167 0.336979 0.141667 0.093750
1 0.227917 0.712760 0.059167 0.044271
1 0.495000 0.507031 0.060000 0.035937
1 0.542500 0.475000 0.061667 0.034375
1 0.576667 0.512240 0.065000 0.047396
1 0.467500 0.481250 0.061667 0.028125
1 0.677083 0.519792 0.082500 0.066667
0 0.449167 0.656510 0.063333 0.035937
0 0.478750 0.621094 0.084167 0.052604
0 0.850000 0.365885 0.035000 0.023438
0 0.805000 0.341146 0.033333 0.025000
1 0.830417 0.315625 0.042500 0.032292
0 0.405417 0.325000 0.069167 0.047917
