1 0.786250 0.494792 0.107500 0.070833
1 0.242083 0.354948 0.082500 0.059896
1 0.550417 0.627865 0.107500 0.069271
1 0.550000 0.698698 0.085000 0.063021
0 0.706250 0.494010 0.087500 0.063021
1 0.465000 0.323437 0.060000 0.052083
0 0.219167 0.623698 0.030000 0.019271
0 0.189167 0.646354 0.030000 0.020833
0 0.247083 0.663542 0.030833 0.020833
0 0.280417 0.672135 0.032500 0.017188
1 0.174583 0.625781 0.029167 0.018229
0 0.255833 0.623437 0.036667 0.025000
0 0.312917 0.670833 0.030833 0.016667
0 0.192917 0.705729 0.039167 0.016667
0 0.147500 0.673698 0.033333 0.019271
1 0.138333 0.705729 0.028333 0.016667
