1 0.809583 0.652865 0.170833 0.109896
0 0.166250 0.466667 0.079167 0.056250
1 0.234583 0.478906 0.042500 0.031771
0 0.169583 0.520052 0.049167 0.032813
0 0.217083 0.526042 0.044167 0.022917
0 0.172083 0.554948 0.054167 0.031771
0 0.225000 0.434896 0.043333 0.029167
0 0.596667 0.450781 0.025000 0.017188
0 0.532500 0.465625 0.021667 0.015625
0 0.506250 0.463021 0.029167 0.018750
0 0.536250 0.478646 0.024167 0.015625
0 0.526667 0.491927 0.025000 0.017188
1 0.490833 0.521615 0.025000 0.017188
0 0.423750 0.471615 0.019167 0.015104
0 0.430000 0.565104 0.023333 0.013542
0 0.403333 0.516667 0.020000 0.013542
