1 0.494792 0.213750 0.070833 0.107500
1 0.354948 0.757917 0.059896 0.082500
1 0.627865 0.449583 0.069271 0.107500
1 0.698698 0.450000 0.063021 0.085000
0 0.494010 0.293750 0.063021 0.087500
1 0.323437 0.535000 0.052083 0.060000
0 0.623698 0.780833 0.019271 0.030000
0 0.646354 0.810833 0.020833 0.030000
0 0.663542 0.752917 0.020833 0.030833
0 0.672135 0.719583 0.017188 0.032500
1 0.625781 0.825417 0.018229 0.029167
0 0.623437 0.744167 0.025000 0.036667
0 0.670833 0.687083 0.016667 0.030833
0 0.705729 0.807083 0.016667 0.039167
0 0.673698 0.852500 0.019271 0.033333
1 0.705729 0.861667 0.016667 0.028333
