1 0.697135 0.475000 0.024479 0.040000
1 0.675781 0.435417 0.035937 0.057500
1 0.518229 0.226250 0.083333 0.117500
1 0.536458 0.681250 0.039583 0.057500
0 0.492188 0.788333 0.026042 0.036667
0 0.561458 0.817500 0.032292 0.056667
0 0.540625 0.731250 0.019792 0.030833
0 0.508073 0.690000 0.034896 0.043333
0 0.526562 0.839167 0.026042 0.048333
0 0.526302 0.752083 0.018229 0.030833
0 0.504688 0.734167 0.022917 0.036667
0 0.452604 0.832917 0.015625 0.029167
0 0.436979 0.824167 0.017708 0.033333
0 0.474740 0.812917 0.025521 0.042500
0 0.461979 0.741250 0.017708 0.025833
0 0.684115 0.535833 0.022396 0.031667
1 0.529687 0.510833 0.076042 0.125000
1 0.694010 0.277083 0.055729 0.100833
1 0.650781 0.208333 0.065104 0.103333
