1 0.279167 0.505208 0.085000 0.051042
1 0.860000 0.701562 0.090000 0.052083
0 0.267500 0.290365 0.050000 0.034896
1 0.367500 0.367188 0.060000 0.034375
1 0.362917 0.309635 0.050833 0.035937
1 0.193333 0.292188 0.065000 0.042708
0 0.782500 0.628646 0.080000 0.045833
1 0.539583 0.337500 0.100833 0.051042
0 0.225000 0.397135 0.061667 0.031771
0 0.238333 0.352865 0.045000 0.023438
0 0.218750 0.335938 0.062500 0.034375
0 0.381250 0.335417 0.040833 0.029167
0 0.182500 0.359375 0.035000 0.026042
0 0.289167 0.328906 0.026667 0.024479
0 0.444583 0.292448 0.034167 0.022396
