1 0.719583 0.367188 0.092500 0.069792
1 0.483333 0.309896 0.146667 0.081250
1 0.774167 0.670573 0.165000 0.105729
1 0.505833 0.663021 0.141667 0.093750
1 0.772083 0.287240 0.059167 0.044271
1 0.505000 0.492969 0.060000 0.035937
1 0.457500 0.525000 0.061667 0.034375
1 0.423333 0.487760 0.065000 0.047396
1 0.532500 0.518750 0.061667 0.028125
1 0.322917 0.480208 0.082500 0.066667
0 0.550833 0.343490 0.063333 0.035937
0 0.521250 0.378906 0.084167 0.052604
0 0.150000 0.634115 0.035000 0.023438
0 0.195000 0.658854 0.033333 0.025000
1 0.169583 0.684375 0.042500 0.032292
0 0.594583 0.675000 0.069167 0.047917
