1 0.663542 0.212917 0.116667 0.204167
1 0.501563 0.742500 0.086458 0.120000
0 0.613542 0.686667 0.047917 0.068333
0 0.670312 0.703750 0.047917 0.069167
0 0.654167 0.839167 0.045833 0.070000
0 0.690885 0.771250 0.044271 0.052500
0 0.315885 0.595417 0.025521 0.034167
0 0.275260 0.407083 0.021354 0.032500
0 0.326042 0.404583 0.018750 0.029167
1 0.372135 0.412500 0.024479 0.036667
0 0.374479 0.377917 0.016667 0.022500
0 0.331510 0.432083 0.022396 0.029167
0 0.350260 0.444167 0.015104 0.025000
0 0.368229 0.483333 0.020833 0.033333
0 0.311719 0.422083 0.014063 0.024167
0 0.334375 0.516250 0.021875 0.034167
0 0.319531 0.541250 0.022396 0.032500
1 0.297656 0.536667 0.022396 0.033333
0 0.316146 0.490833 0.020833 0.028333
0 0.302604 0.477500 0.015625 0.023333
0 0.373698 0.542083 0.018229 0.027500
0 0.356250 0.525000 0.011458 0.018333
0 0.372396 0.574583 0.013542 0.020833
0 0.398438 0.555000 0.011458 0.023333
0 0.614323 0.760417 0.049479 0.067500
0 0.635156 0.801250 0.034896 0.062500
1 0.679948 0.442500 0.020313 0.030000
1 0.638281 0.445833 0.026562 0.036667
1 0.663802 0.490417 0.025521 0.024167
