1 0.547500 0.501042 0.091667 0.062500
1 0.724167 0.339062 0.033333 0.027083
1 0.631250 0.276042 0.034167 0.023958
1 0.637917 0.296875 0.025833 0.020833
1 0.633333 0.316406 0.030000 0.020313
1 0.619583 0.332552 0.029167 0.022396
1 0.622083 0.362760 0.037500 0.026562
1 0.603333 0.297396 0.035000 0.023958
1 0.605417 0.276302 0.032500 0.021354
1 0.603333 0.319271 0.036667 0.022917
1 0.600000 0.347917 0.025000 0.016667
1 0.575417 0.278125 0.030833 0.022917
1 0.572917 0.296094 0.029167 0.019271
1 0.570417 0.352344 0.032500 0.018229
1 0.567917 0.370052 0.035833 0.019271
1 0.550833 0.345313 0.028333 0.020833
1 0.522083 0.283073 0.032500 0.023438
1 0.522500 0.338281 0.036667 0.020313
1 0.522500 0.358073 0.035000 0.020313
1 0.484167 0.335156 0.036667 0.023438
1 0.459583 0.352604 0.039167 0.026042
1 0.471667 0.374219 0.033333 0.019271
1 0.491250 0.283854 0.027500 0.021875
