1 0.447500 0.650260 0.093333 0.058854
1 0.728750 0.673958 0.129167 0.085417
1 0.233750 0.523958 0.144167 0.112500
1 0.201667 0.339063 0.191667 0.100000
0 0.725000 0.336979 0.043333 0.028125
0 0.620000 0.288802 0.035000 0.032813
1 0.644583 0.349479 0.025833 0.016667
1 0.689167 0.360677 0.023333 0.019271
1 0.783333 0.352604 0.031667 0.017708
0 0.799583 0.342708 0.032500 0.021875
0 0.789167 0.272917 0.050000 0.022917
0 0.713333 0.283854 0.025000 0.015625
1 0.700417 0.304948 0.027500 0.016146
0 0.691250 0.282552 0.024167 0.016146
0 0.786250 0.299740 0.025833 0.015104
0 0.828333 0.295573 0.033333 0.028646
0 0.811667 0.376563 0.036667 0.025000
