1 0.720833 0.494792 0.085000 0.051042
1 0.140000 0.298438 0.090000 0.052083
0 0.732500 0.709635 0.050000 0.034896
1 0.632500 0.632812 0.060000 0.034375
1 0.637083 0.690365 0.050833 0.035937
1 0.806667 0.707812 0.065000 0.042708
0 0.217500 0.371354 0.080000 0.045833
1 0.460417 0.662500 0.100833 0.051042
0 0.775000 0.602865 0.061667 0.031771
0 0.761667 0.647135 0.045000 0.023438
0 0.781250 0.664062 0.062500 0.034375
0 0.618750 0.664583 0.040833 0.029167
0 0.817500 0.640625 0.035000 0.026042
0 0.710833 0.671094 0.026667 0.024479
0 0.555417 0.707552 0.034167 0.022396
