1 0.757083 0.665625 0.120833 0.078125
1 0.496667 0.499740 0.040000 0.036979
1 0.246667 0.663542 0.140000 0.104167
0 0.535417 0.448437 0.034167 0.021875
0 0.398333 0.468229 0.046667 0.031250
0 0.525833 0.472656 0.026667 0.020313
0 0.590000 0.438021 0.038333 0.021875
0 0.564583 0.461979 0.027500 0.018750
0 0.471667 0.542708 0.038333 0.025000
1 0.205833 0.330469 0.185000 0.133854
0 0.307083 0.642969 0.057500 0.042188
0 0.179583 0.721875 0.074167 0.035417
1 0.487917 0.711719 0.082500 0.045312
1 0.486250 0.604688 0.035833 0.027083
0 0.489583 0.664583 0.032500 0.023958
1 0.487917 0.637760 0.039167 0.026562
