1 0.710833 0.317188 0.130000 0.073958
1 0.317917 0.610417 0.077500 0.045833
1 0.321250 0.663021 0.067500 0.045833
1 0.317500 0.713542 0.073333 0.044792
1 0.237083 0.611458 0.067500 0.050000
1 0.237917 0.662500 0.067500 0.043750
1 0.236667 0.713542 0.075000 0.042708
1 0.157083 0.613542 0.059167 0.041667
1 0.154167 0.662500 0.070000 0.043750
1 0.154583 0.712500 0.065833 0.040625
0 0.802917 0.313021 0.100833 0.080208
0 0.427917 0.519531 0.045833 0.031771
0 0.411250 0.445312 0.052500 0.037500
0 0.574583 0.435937 0.039167 0.025000
