1 0.190417 0.347135 0.170833 0.109896
0 0.833750 0.533333 0.079167 0.056250
1 0.765417 0.521094 0.042500 0.031771
0 0.830417 0.479948 0.049167 0.032813
0 0.782917 0.473958 0.044167 0.022917
0 0.827917 0.445052 0.054167 0.031771
0 0.775000 0.565104 0.043333 0.029167
0 0.403333 0.549219 0.025000 0.017188
0 0.467500 0.534375 0.021667 0.015625
0 0.493750 0.536979 0.029167 0.018750
0 0.463750 0.521354 0.024167 0.015625
0 0.473333 0.508073 0.025000 0.017188
1 0.509167 0.478385 0.025000 0.017188
0 0.576250 0.528385 0.019167 0.015104
0 0.570000 0.434896 0.023333 0.013542
0 0.596667 0.483333 0.020000 0.013542
