1 0.733333 0.310937 0.065000 0.046875
1 0.803333 0.336458 0.103333 0.062500
1 0.741250 0.366406 0.117500 0.055729
1 0.483333 0.698437 0.065000 0.040625
1 0.485000 0.512760 0.045000 0.032813
1 0.170417 0.720833 0.094167 0.063542
1 0.150833 0.645052 0.095000 0.072396
0 0.210417 0.303385 0.050833 0.032813
0 0.260000 0.302604 0.033333 0.019792
0 0.263750 0.277083 0.030833 0.021875
1 0.470833 0.655208 0.065000 0.045833
1 0.504583 0.628906 0.055833 0.023438
0 0.168750 0.283594 0.055833 0.036979
0 0.163750 0.327344 0.044167 0.034896
0 0.124583 0.367969 0.035833 0.030729
0 0.162500 0.373177 0.055000 0.035937
0 0.482917 0.366667 0.029167 0.018750
0 0.480417 0.346875 0.029167 0.021875
0 0.458333 0.374740 0.026667 0.017188
