1 0.787083 0.663542 0.204167 0.116667
1 0.257500 0.501563 0.120000 0.086458
0 0.313333 0.613542 0.068333 0.047917
0 0.296250 0.670312 0.069167 0.047917
0 0.160833 0.654167 0.070000 0.045833
0 0.228750 0.690885 0.052500 0.044271
0 0.404583 0.315885 0.034167 0.025521
0 0.592917 0.275260 0.032500 0.021354
0 0.595417 0.326042 0.029167 0.018750
1 0.587500 0.372135 0.036667 0.024479
0 0.622083 0.374479 0.022500 0.016667
0 0.567917 0.331510 0.029167 0.022396
0 0.555833 0.350260 0.025000 0.015104
0 0.516667 0.368229 0.033333 0.020833
0 0.577917 0.311719 0.024167 0.014063
0 0.483750 0.334375 0.034167 0.021875
0 0.458750 0.319531 0.032500 0.022396
1 0.463333 0.297656 0.033333 0.022396
0 0.509167 0.316146 0.028333 0.020833
0 0.522500 0.302604 0.023333 0.015625
0 0.457917 0.373698 0.027500 0.018229
0 0.475000 0.356250 0.018333 0.011458
0 0.425417 0.372396 0.020833 0.013542
0 0.445000 0.398438 0.023333 0.011458
0 0.239583 0.614323 0.067500 0.049479
0 0.198750 0.635156 0.062500 0.034896
1 0.557500 0.679948 0.030000 0.020313
1 0.554167 0.638281 0.036667 0.026562
1 0.509583 0.663802 0.024167 0.025521
