1 0.650260 0.552500 0.058854 0.093333
1 0.673958 0.271250 0.085417 0.129167
1 0.523958 0.766250 0.112500 0.144167
1 0.339063 0.798333 0.100000 0.191667
0 0.336979 0.275000 0.028125 0.043333
0 0.288802 0.380000 0.032813 0.035000
1 0.349479 0.355417 0.016667 0.025833
1 0.360677 0.310833 0.019271 0.023333
1 0.352604 0.216667 0.017708 0.031667
0 0.342708 0.200417 0.021875 0.032500
0 0.272917 0.210833 0.022917 0.050000
0 0.283854 0.286667 0.015625 0.025000
1 0.304948 0.299583 0.016146 0.027500
0 0.282552 0.308750 0.016146 0.024167
0 0.299740 0.213750 0.015104 0.025833
0 0.295573 0.171667 0.028646 0.033333
0 0.376563 0.188333 0.025000 0.036667
