1 0.452500 0.498958 0.091667 0.062500
1 0.275833 0.660938 0.033333 0.027083
1 0.368750 0.723958 0.034167 0.023958
1 0.362083 0.703125 0.025833 0.020833
1 0.366667 0.683594 0.030000 0.020313
1 0.380417 0.667448 0.029167 0.022396
1 0.377917 0.637240 0.037500 0.026562
1 0.396667 0.702604 0.035000 0.023958
1 0.394583 0.723698 0.032500 0.021354
1 0.396667 0.680729 0.036667 0.022917
1 0.400000 0.652083 0.025000 0.016667
1 0.424583 0.721875 0.030833 0.022917
1 0.427083 0.703906 0.029167 0.019271
1 0.429583 0.647656 0.032500 0.018229
1 0.432083 0.629948 0.035833 0.019271
1 0.449167 0.654687 0.028333 0.020833
1 0.477917 0.716927 0.032500 0.023438
1 0.477500 0.661719 0.036667 0.020313
1 0.477500 0.641927 0.035000 0.020313
1 0.515833 0.664844 0.036667 0.023438
1 0.540417 0.647396 0.039167 0.026042
1 0.528333 0.625781 0.033333 0.019271
1 0.508750 0.716146 0.027500 0.021875
