1 0.475000 0.302865 0.040000 0.024479
1 0.435417 0.324219 0.057500 0.035937
1 0.226250 0.481771 0.117500 0.083333
1 0.681250 0.463542 0.057500 0.039583
0 0.788333 0.507812 0.036667 0.026042
0 0.817500 0.438542 0.056667 0.032292
0 0.731250 0.459375 0.030833 0.019792
0 0.690000 0.491927 0.043333 0.034896
0 0.839167 0.473438 0.048333 0.026042
0 0.752083 0.473698 0.030833 0.018229
0 0.734167 0.495312 0.036667 0.022917
0 0.832917 0.547396 0.029167 0.015625
0 0.824167 0.563021 0.033333 0.017708
0 0.812917 0.525260 0.042500 0.025521
0 0.741250 0.538021 0.025833 0.017708
0 0.535833 0.315885 0.031667 0.022396
1 0.510833 0.470313 0.125000 0.076042
1 0.277083 0.305990 0.100833 0.055729
1 0.208333 0.349219 0.103333 0.065104
