1 0.505000 0.336979 0.215000 0.137500
1 0.493333 0.516406 0.075000 0.050521
1 0.773750 0.664062 0.077500 0.065625
0 0.711667 0.507031 0.021667 0.020313
0 0.722500 0.457031 0.026667 0.020313
1 0.804583 0.555729 0.052500 0.033333
0 0.670417 0.556510 0.029167 0.028646
0 0.788750 0.502083 0.035833 0.027083
0 0.814167 0.470313 0.038333 0.021875
0 0.868333 0.467708 0.028333 0.019792
0 0.852917 0.447917 0.029167 0.018750
0 0.757500 0.499219 0.033333 0.019271
1 0.690833 0.318229 0.081667 0.042708
1 0.750833 0.386458 0.075000 0.052083
1 0.253333 0.330729 0.066667 0.039583
