1 0.220000 0.497917 0.120000 0.076042
1 0.511250 0.658073 0.149167 0.103646
1 0.743750 0.322917 0.107500 0.066667
1 0.561667 0.354167 0.075000 0.042708
1 0.499167 0.291667 0.070000 0.042708
1 0.434583 0.322917 0.060833 0.038542
1 0.480833 0.354167 0.060000 0.042708
1 0.571250 0.308594 0.067500 0.043229
1 0.772917 0.658594 0.062500 0.039062
0 0.721667 0.614062 0.060000 0.046875
0 0.842500 0.701042 0.051667 0.035417
0 0.822083 0.639323 0.049167 0.036979
0 0.866667 0.628385 0.050000 0.028646
1 0.300417 0.319531 0.054167 0.030729
1 0.269167 0.343750 0.046667 0.029167
1 0.263333 0.297917 0.051667 0.030208
1 0.210833 0.302344 0.040000 0.026562
0 0.709167 0.655469 0.048333 0.032813
1 0.839167 0.490885 0.070000 0.039062
