1 0.681510 0.717083 0.047396 0.062500
1 0.490885 0.712917 0.064062 0.132500
1 0.493490 0.226250 0.025521 0.042500
1 0.515885 0.166250 0.040104 0.052500
1 0.339583 0.437917 0.021875 0.027500
1 0.675260 0.479167 0.059896 0.110000
0 0.637500 0.728750 0.040625 0.072500
0 0.390885 0.632917 0.026562 0.042500
1 0.700260 0.214167 0.040104 0.065000
0 0.727344 0.258333 0.044271 0.091667
0 0.610156 0.197500 0.028646 0.068333
1 0.648958 0.231250 0.062500 0.084167
0 0.344792 0.743750 0.022917 0.027500
0 0.291927 0.720417 0.021354 0.035833
0 0.653906 0.798750 0.018229 0.035833
0 0.634375 0.821667 0.016667 0.025000
