1 0.795417 0.643229 0.085833 0.055208
1 0.866667 0.618229 0.080000 0.048958
1 0.793750 0.703125 0.069167 0.053125
1 0.866667 0.672135 0.061667 0.034896
1 0.854583 0.728385 0.067500 0.043229
1 0.592500 0.320052 0.150000 0.097396
1 0.559583 0.542708 0.042500 0.036458
1 0.564583 0.505729 0.047500 0.033333
1 0.337500 0.351562 0.061667 0.039583
0 0.352083 0.386719 0.040833 0.025521
1 0.273333 0.385938 0.035000 0.022917
1 0.290000 0.345573 0.053333 0.032813
0 0.384167 0.356510 0.031667 0.023438
0 0.237917 0.369531 0.022500 0.018229
0 0.393750 0.296354 0.025833 0.015625
0 0.200000 0.358333 0.028333 0.019792
