1 0.665625 0.242917 0.078125 0.120833
1 0.499740 0.503333 0.036979 0.040000
1 0.663542 0.753333 0.104167 0.140000
0 0.448437 0.464583 0.021875 0.034167
0 0.468229 0.601667 0.031250 0.046667
0 0.472656 0.474167 0.020313 0.026667
0 0.438021 0.410000 0.021875 0.038333
0 0.461979 0.435417 0.018750 0.027500
0 0.542708 0.528333 0.025000 0.038333
1 0.330469 0.794167 0.133854 0.185000
0 0.642969 0.692917 0.042188 0.057500
0 0.721875 0.820417 0.035417 0.074167
1 0.711719 0.512083 0.045312 0.082500
1 0.604688 0.513750 0.027083 0.035833
0 0.664583 0.510417 0.023958 0.032500
1 0.637760 0.512083 0.026562 0.039167
