1 0.505208 0.720833 0.051042 0.085000
1 0.701562 0.140000 0.052083 0.090000
0 0.290365 0.732500 0.034896 0.050000
1 0.367188 0.632500 0.034375 0.060000
1 0.309635 0.637083 0.035937 0.050833
1 0.292188 0.806667 0.042708 0.065000
0 0.628646 0.217500 0.045833 0.080000
1 0.337500 0.460417 0.051042 0.100833
0 0.397135 0.775000 0.031771 0.061667
0 0.352865 0.761667 0.023438 0.045000
0 0.335938 0.781250 0.034375 0.062500
0 0.335417 0.618750 0.029167 0.040833
0 0.359375 0.817500 0.026042 0.035000
0 0.328906 0.710833 0.024479 0.026667
0 0.292448 0.555417 0.022396 0.034167
