1 0.525000 0.697135 0.040000 0.024479
1 0.564583 0.675781 0.057500 0.035937
1 0.773750 0.518229 0.117500 0.083333
1 0.318750 0.536458 0.057500 0.039583
0 0.211667 0.492188 0.036667 0.026042
0 0.182500 0.561458 0.056667 0.032292
0 0.268750 0.540625 0.030833 0.019792
0 0.310000 0.508073 0.043333 0.034896
0 0.160833 0.526562 0.048333 0.026042
0 0.247917 0.526302 0.030833 0.018229
0 0.265833 0.504688 0.036667 0.022917
0 0.167083 0.452604 0.029167 0.015625
0 0.175833 0.436979 0.033333 0.017708
0 0.187083 0.474740 0.042500 0.025521
0 0.258750 0.461979 0.025833 0.017708
0 0.464167 0.684115 0.031667 0.022396
1 0.489167 0.529687 0.125000 0.076042
1 0.722917 0.694010 0.100833 0.055729
1 0.791667 0.650781 0.103333 0.065104
