1 0.465833 0.324740 0.058333 0.043229
1 0.240417 0.492188 0.207500 0.119792
1 0.494583 0.487240 0.080833 0.063021
1 0.508750 0.667188 0.022500 0.014583
0 0.434167 0.602344 0.045000 0.026562
0 0.507917 0.720313 0.042500 0.023958
0 0.592500 0.669531 0.028333 0.018229
0 0.542500 0.660937 0.025000 0.017708
0 0.556667 0.676823 0.028333 0.018229
0 0.594583 0.633854 0.027500 0.017708
0 0.444167 0.639323 0.018333 0.014063
0 0.434167 0.650260 0.023333 0.019271
0 0.513750 0.618490 0.029167 0.021354
0 0.577917 0.725260 0.027500 0.016146
0 0.575417 0.656771 0.022500 0.013542
0 0.547500 0.728646 0.028333 0.017708
