1 0.689583 0.756667 0.094792 0.145000
1 0.322135 0.698750 0.098437 0.139167
1 0.698958 0.187500 0.085417 0.110000
0 0.348437 0.178750 0.016667 0.029167
0 0.384375 0.159583 0.016667 0.029167
0 0.351823 0.272083 0.019271 0.024167
0 0.404427 0.257500 0.018229 0.031667
0 0.315104 0.238750 0.016667 0.027500
0 0.381771 0.283750 0.025000 0.030833
0 0.358073 0.222917 0.015104 0.025833
0 0.393750 0.228750 0.019792 0.022500
0 0.368490 0.172917 0.015104 0.032500
0 0.299219 0.242083 0.016146 0.030833
0 0.362760 0.114583 0.013021 0.020833
0 0.358333 0.145417 0.019792 0.034167
0 0.291927 0.202500 0.019271 0.031667
0 0.300000 0.159583 0.014583 0.024167
0 0.281510 0.141667 0.017188 0.025000
