1 0.518229 0.468750 0.033333 0.059167
1 0.344531 0.721250 0.084896 0.112500
1 0.668750 0.720833 0.147917 0.233333
1 0.485156 0.728333 0.110937 0.230000
1 0.494010 0.430000 0.026562 0.050000
0 0.475781 0.550417 0.035937 0.055833
0 0.442708 0.365417 0.023958 0.052500
0 0.563021 0.513750 0.029167 0.042500
0 0.455729 0.546667 0.022917 0.043333
0 0.389323 0.500833 0.033854 0.053333
0 0.374219 0.356667 0.027604 0.043333
0 0.377083 0.421667 0.036458 0.050000
0 0.298438 0.469167 0.040625 0.053333
0 0.317708 0.539583 0.053125 0.077500
0 0.355990 0.482500 0.034896 0.063333
0 0.327604 0.378333 0.021875 0.033333
