1 0.497917 0.780000 0.076042 0.120000
1 0.658073 0.488750 0.103646 0.149167
1 0.322917 0.256250 0.066667 0.107500
1 0.354167 0.438333 0.042708 0.075000
1 0.291667 0.500833 0.042708 0.070000
1 0.322917 0.565417 0.038542 0.060833
1 0.354167 0.519167 0.042708 0.060000
1 0.308594 0.428750 0.043229 0.067500
1 0.658594 0.227083 0.039062 0.062500
0 0.614062 0.278333 0.046875 0.060000
0 0.701042 0.157500 0.035417 0.051667
0 0.639323 0.177917 0.036979 0.049167
0 0.628385 0.133333 0.028646 0.050000
1 0.319531 0.699583 0.030729 0.054167
1 0.343750 0.730833 0.029167 0.046667
1 0.297917 0.736667 0.030208 0.051667
1 0.302344 0.789167 0.026562 0.040000
0 0.655469 0.290833 0.032813 0.048333
1 0.490885 0.160833 0.039062 0.070000
