1 0.505208 0.786250 0.070833 0.107500
1 0.645052 0.242083 0.059896 0.082500
1 0.372135 0.550417 0.069271 0.107500
1 0.301302 0.550000 0.063021 0.085000
0 0.505990 0.706250 0.063021 0.087500
1 0.676563 0.465000 0.052083 0.060000
0 0.376302 0.219167 0.019271 0.030000
0 0.353646 0.189167 0.020833 0.030000
0 0.336458 0.247083 0.020833 0.030833
0 0.327865 0.280417 0.017188 0.032500
1 0.374219 0.174583 0.018229 0.029167
0 0.376563 0.255833 0.025000 0.036667
0 0.329167 0.312917 0.016667 0.030833
0 0.294271 0.192917 0.016667 0.039167
0 0.326302 0.147500 0.019271 0.033333
1 0.294271 0.138333 0.016667 0.028333
