1 0.324740 0.534167 0.043229 0.058333
1 0.492188 0.759583 0.119792 0.207500
1 0.487240 0.505417 0.063021 0.080833
1 0.667188 0.491250 0.014583 0.022500
0 0.602344 0.565833 0.026562 0.045000
0 0.720313 0.492083 0.023958 0.042500
0 0.669531 0.407500 0.018229 0.028333
0 0.660937 0.457500 0.017708 0.025000
0 0.676823 0.443333 0.018229 0.028333
0 0.633854 0.405417 0.017708 0.027500
0 0.639323 0.555833 0.014063 0.018333
0 0.650260 0.565833 0.019271 0.023333
0 0.618490 0.486250 0.021354 0.029167
0 0.725260 0.422083 0.016146 0.027500
0 0.656771 0.424583 0.013542 0.022500
0 0.728646 0.452500 0.017708 0.028333
