1 0.689063 0.733333 0.046875 0.065000
1 0.663542 0.803333 0.062500 0.103333
1 0.633594 0.741250 0.055729 0.117500
1 0.301563 0.483333 0.040625 0.065000
1 0.487240 0.485000 0.032813 0.045000
1 0.279167 0.170417 0.063542 0.094167
1 0.354948 0.150833 0.072396 0.095000
0 0.696615 0.210417 0.032813 0.050833
0 0.697396 0.260000 0.019792 0.033333
0 0.722917 0.263750 0.021875 0.030833
1 0.344792 0.470833 0.045833 0.065000
1 0.371094 0.504583 0.023438 0.055833
0 0.716406 0.168750 0.036979 0.055833
0 0.672656 0.163750 0.034896 0.044167
0 0.632031 0.124583 0.030729 0.035833
0 0.626823 0.162500 0.035937 0.055000
0 0.633333 0.482917 0.018750 0.029167
0 0.653125 0.480417 0.021875 0.029167
0 0.625260 0.458333 0.017188 0.026667
