1 0.243333 0.689583 0.145000 0.094792
1 0.301250 0.322135 0.139167 0.098437
1 0.812500 0.698958 0.110000 0.085417
0 0.821250 0.348437 0.029167 0.016667
0 0.840417 0.384375 0.029167 0.016667
0 0.727917 0.351823 0.024167 0.019271
0 0.742500 0.404427 0.031667 0.018229
0 0.761250 0.315104 0.027500 0.016667
0 0.716250 0.381771 0.030833 0.025000
0 0.777083 0.358073 0.025833 0.015104
0 0.771250 0.393750 0.022500 0.019792
0 0.827083 0.368490 0.032500 0.015104
0 0.757917 0.299219 0.030833 0.016146
0 0.885417 0.362760 0.020833 0.013021
0 0.854583 0.358333 0.034167 0.019792
0 0.797500 0.291927 0.031667 0.019271
0 0.840417 0.300000 0.024167 0.014583
0 0.858333 0.281510 0.025000 0.017188
