1 0.663021 0.505000 0.137500 0.215000
1 0.483594 0.493333 0.050521 0.075000
1 0.335938 0.773750 0.065625 0.077500
0 0.492969 0.711667 0.020313 0.021667
0 0.542969 0.722500 0.020313 0.026667
1 0.444271 0.804583 0.033333 0.052500
0 0.443490 0.670417 0.028646 0.029167
0 0.497917 0.788750 0.027083 0.035833
0 0.529687 0.814167 0.021875 0.038333
0 0.532292 0.868333 0.019792 0.028333
0 0.552083 0.852917 0.018750 0.029167
0 0.500781 0.757500 0.019271 0.033333
1 0.681771 0.690833 0.042708 0.081667
1 0.613542 0.750833 0.052083 0.075000
1 0.669271 0.253333 0.039583 0.066667
