1 0.335938 0.748333 0.066667 0.090000
1 0.502604 0.488750 0.069792 0.115833
1 0.357031 0.500000 0.056771 0.085000
1 0.669531 0.218333 0.069271 0.101667
1 0.510156 0.216667 0.064062 0.085000
1 0.377083 0.185417 0.058333 0.087500
1 0.297135 0.280417 0.061979 0.092500
0 0.361719 0.283750 0.067187 0.104167
0 0.314583 0.188333 0.048958 0.098333
0 0.453646 0.224583 0.048958 0.119167
0 0.721875 0.192083 0.051042 0.107500
0 0.521094 0.585000 0.040104 0.055000
0 0.447396 0.431667 0.037500 0.075000
0 0.630990 0.318333 0.038021 0.056667
