1 0.675260 0.465833 0.043229 0.058333
1 0.507812 0.240417 0.119792 0.207500
1 0.512760 0.494583 0.063021 0.080833
1 0.332812 0.508750 0.014583 0.022500
0 0.397656 0.434167 0.026562 0.045000
0 0.279687 0.507917 0.023958 0.042500
0 0.330469 0.592500 0.018229 0.028333
0 0.339063 0.542500 0.017708 0.025000
0 0.323177 0.556667 0.018229 0.028333
0 0.366146 0.594583 0.017708 0.027500
0 0.360677 0.444167 0.014063 0.018333
0 0.349740 0.434167 0.019271 0.023333
0 0.381510 0.513750 0.021354 0.029167
0 0.274740 0.577917 0.016146 0.027500
0 0.343229 0.575417 0.013542 0.022500
0 0.271354 0.547500 0.017708 0.028333
