1 0.301563 0.488333 0.093750 0.135000
1 0.321615 0.782500 0.088021 0.123333
1 0.509115 0.216667 0.025521 0.043333
0 0.516146 0.406667 0.023958 0.030000
0 0.512760 0.446667 0.019271 0.031667
1 0.536198 0.501667 0.010937 0.018333
0 0.565885 0.459583 0.014063 0.027500
0 0.443490 0.553333 0.014063 0.026667
0 0.447135 0.589167 0.016146 0.025000
0 0.478385 0.439583 0.014063 0.027500
0 0.521875 0.581667 0.015625 0.025000
1 0.495573 0.559167 0.015104 0.028333
1 0.375260 0.538333 0.042188 0.071667
1 0.490885 0.466667 0.021354 0.030000
