1 0.497135 0.201250 0.088021 0.117500
1 0.473437 0.411667 0.057292 0.086667
1 0.519531 0.449167 0.048438 0.060000
1 0.454688 0.765417 0.050000 0.077500
1 0.363281 0.452500 0.041146 0.060000
1 0.325781 0.471250 0.046354 0.087500
1 0.326562 0.748750 0.034375 0.055833
1 0.671615 0.180000 0.041146 0.063333
0 0.703906 0.158333 0.028646 0.061667
0 0.678125 0.253750 0.034375 0.047500
0 0.289323 0.696250 0.019271 0.037500
0 0.319271 0.651667 0.031250 0.048333
0 0.379948 0.709583 0.040104 0.059167
0 0.284896 0.760833 0.023958 0.031667
