1 0.552500 0.349740 0.093333 0.058854
1 0.271250 0.326042 0.129167 0.085417
1 0.766250 0.476042 0.144167 0.112500
1 0.798333 0.660937 0.191667 0.100000
0 0.275000 0.663021 0.043333 0.028125
0 0.380000 0.711198 0.035000 0.032813
1 0.355417 0.650521 0.025833 0.016667
1 0.310833 0.639323 0.023333 0.019271
1 0.216667 0.647396 0.031667 0.017708
0 0.200417 0.657292 0.032500 0.021875
0 0.210833 0.727083 0.050000 0.022917
0 0.286667 0.716146 0.025000 0.015625
1 0.299583 0.695052 0.027500 0.016146
0 0.308750 0.717448 0.024167 0.016146
0 0.213750 0.700260 0.025833 0.015104
0 0.171667 0.704427 0.033333 0.028646
0 0.188333 0.623437 0.036667 0.025000
