1 0.511667 0.301563 0.135000 0.093750
1 0.217500 0.321615 0.123333 0.088021
1 0.783333 0.509115 0.043333 0.025521
0 0.593333 0.516146 0.030000 0.023958
0 0.553333 0.512760 0.031667 0.019271
1 0.498333 0.536198 0.018333 0.010937
0 0.540417 0.565885 0.027500 0.014063
0 0.446667 0.443490 0.026667 0.014063
0 0.410833 0.447135 0.025000 0.016146
0 0.560417 0.478385 0.027500 0.014063
0 0.418333 0.521875 0.025000 0.015625
1 0.440833 0.495573 0.028333 0.015104
1 0.461667 0.375260 0.071667 0.042188
1 0.533333 0.490885 0.030000 0.021354
