1 0.727083 0.501250 0.033333 0.047500
1 0.680208 0.494583 0.033333 0.060833
1 0.644010 0.472500 0.040104 0.051667
0 0.508333 0.267500 0.019792 0.030000
0 0.569010 0.289167 0.016146 0.023333
0 0.452344 0.286667 0.017188 0.030000
0 0.486719 0.275417 0.016146 0.017500
0 0.554167 0.182500 0.020833 0.031667
0 0.536719 0.199583 0.017188 0.025833
0 0.539323 0.185000 0.013021 0.020000
0 0.483854 0.162083 0.012500 0.025833
0 0.501042 0.215833 0.015625 0.026667
0 0.473958 0.262917 0.016667 0.029167
0 0.535417 0.135833 0.016667 0.028333
0 0.560937 0.105417 0.014583 0.024167
0 0.553385 0.160417 0.013021 0.024167
0 0.438542 0.113750 0.017708 0.034167
0 0.515365 0.185417 0.010937 0.015833
1 0.493490 0.249583 0.016146 0.034167
