1 0.498958 0.547500 0.062500 0.091667
1 0.660938 0.724167 0.027083 0.033333
1 0.723958 0.631250 0.023958 0.034167
1 0.703125 0.637917 0.020833 0.025833
1 0.683594 0.633333 0.020313 0.030000
1 0.667448 0.619583 0.022396 0.029167
1 0.637240 0.622083 0.026562 0.037500
1 0.702604 0.603333 0.023958 0.035000
1 0.723698 0.605417 0.021354 0.032500
1 0.680729 0.603333 0.022917 0.036667
1 0.652083 0.600000 0.016667 0.025000
1 0.721875 0.575417 0.022917 0.030833
1 0.703906 0.572917 0.019271 0.029167
1 0.647656 0.570417 0.018229 0.032500
1 0.629948 0.567917 0.019271 0.035833
1 0.654687 0.550833 0.020833 0.028333
1 0.716927 0.522083 0.023438 0.032500
1 0.661719 0.522500 0.020313 0.036667
1 0.641927 0.522500 0.020313 0.035000
1 0.664844 0.484167 0.023438 0.036667
1 0.647396 0.459583 0.026042 0.039167
1 0.625781 0.471667 0.019271 0.033333
1 0.716146 0.491250 0.021875 0.027500
