1 0.266667 0.689063 0.065000 0.046875
1 0.196667 0.663542 0.103333 0.062500
1 0.258750 0.633594 0.117500 0.055729
1 0.516667 0.301563 0.065000 0.040625
1 0.515000 0.487240 0.045000 0.032813
1 0.829583 0.279167 0.094167 0.063542
1 0.849167 0.354948 0.095000 0.072396
0 0.789583 0.696615 0.050833 0.032813
0 0.740000 0.697396 0.033333 0.019792
0 0.736250 0.722917 0.030833 0.021875
1 0.529167 0.344792 0.065000 0.045833
1 0.495417 0.371094 0.055833 0.023438
0 0.831250 0.716406 0.055833 0.036979
0 0.836250 0.672656 0.044167 0.034896
0 0.875417 0.632031 0.035833 0.030729
0 0.837500 0.626823 0.055000 0.035937
0 0.517083 0.633333 0.029167 0.018750
0 0.519583 0.653125 0.029167 0.021875
0 0.541667 0.625260 0.026667 0.017188
