1 0.336458 0.787083 0.116667 0.204167
1 0.498437 0.257500 0.086458 0.120000
0 0.386458 0.313333 0.047917 0.068333
0 0.329688 0.296250 0.047917 0.069167
0 0.345833 0.160833 0.045833 0.070000
0 0.309115 0.228750 0.044271 0.052500
0 0.684115 0.404583 0.025521 0.034167
0 0.724740 0.592917 0.021354 0.032500
0 0.673958 0.595417 0.018750 0.029167
1 0.627865 0.587500 0.024479 0.036667
0 0.625521 0.622083 0.016667 0.022500
0 0.668490 0.567917 0.022396 0.029167
0 0.649740 0.555833 0.015104 0.025000
0 0.631771 0.516667 0.020833 0.033333
0 0.688281 0.577917 0.014063 0.024167
0 0.665625 0.483750 0.021875 0.034167
0 0.680469 0.458750 0.022396 0.032500
1 0.702344 0.463333 0.022396 0.033333
0 0.683854 0.509167 0.020833 0.028333
0 0.697396 0.522500 0.015625 0.023333
0 0.626302 0.457917 0.018229 0.027500
0 0.643750 0.475000 0.011458 0.018333
0 0.627604 0.425417 0.013542 0.020833
0 0.601562 0.445000 0.011458 0.023333
0 0.385677 0.239583 0.049479 0.067500
0 0.364844 0.198750 0.034896 0.062500
1 0.320052 0.557500 0.020313 0.030000
1 0.361719 0.554167 0.026562 0.036667
1 0.336198 0.509583 0.025521 0.024167
