1 0.213750 0.505208 0.107500 0.070833
1 0.757917 0.645052 0.082500 0.059896
1 0.449583 0.372135 0.107500 0.069271
1 0.450000 0.301302 0.085000 0.063021
0 0.293750 0.505990 0.087500 0.063021
1 0.535000 0.676563 0.060000 0.052083
0 0.780833 0.376302 0.030000 0.019271
0 0.810833 0.353646 0.030000 0.020833
0 0.752917 0.336458 0.030833 0.020833
0 0.719583 0.327865 0.032500 0.017188
1 0.825417 0.374219 0.029167 0.018229
0 0.744167 0.376563 0.036667 0.025000
0 0.687083 0.329167 0.030833 0.016667
0 0.807083 0.294271 0.039167 0.016667
0 0.852500 0.326302 0.033333 0.019271
1 0.861667 0.294271 0.028333 0.016667
