1 0.682812 0.710833 0.073958 0.130000
1 0.389583 0.317917 0.045833 0.077500
1 0.336979 0.321250 0.045833 0.067500
1 0.286458 0.317500 0.044792 0.073333
1 0.388542 0.237083 0.050000 0.067500
1 0.337500 0.237917 0.043750 0.067500
1 0.286458 0.236667 0.042708 0.075000
1 0.386458 0.157083 0.041667 0.059167
1 0.337500 0.154167 0.043750 0.070000
1 0.287500 0.154583 0.040625 0.065833
0 0.686979 0.802917 0.080208 0.100833
0 0.480469 0.427917 0.031771 0.045833
0 0.554688 0.411250 0.037500 0.052500
0 0.564063 0.574583 0.025000 0.039167
