1 0.494792 0.279167 0.051042 0.085000
1 0.298438 0.860000 0.052083 0.090000
0 0.709635 0.267500 0.034896 0.050000
1 0.632812 0.367500 0.034375 0.060000
1 0.690365 0.362917 0.035937 0.050833
1 0.707812 0.193333 0.042708 0.065000
0 0.371354 0.782500 0.045833 0.080000
1 0.662500 0.539583 0.051042 0.100833
0 0.602865 0.225000 0.031771 0.061667
0 0.647135 0.238333 0.023438 0.045000
0 0.664062 0.218750 0.034375 0.062500
0 0.664583 0.381250 0.029167 0.040833
0 0.640625 0.182500 0.026042 0.035000
0 0.671094 0.289167 0.024479 0.026667
0 0.707552 0.444583 0.022396 0.034167
