1 0.367188 0.280417 0.069792 0.092500
1 0.309896 0.516667 0.081250 0.146667
1 0.670573 0.225833 0.105729 0.165000
1 0.663021 0.494167 0.093750 0.141667
1 0.287240 0.227917 0.044271 0.059167
1 0.492969 0.495000 0.035937 0.060000
1 0.525000 0.542500 0.034375 0.061667
1 0.487760 0.576667 0.047396 0.065000
1 0.518750 0.467500 0.028125 0.061667
1 0.480208 0.677083 0.066667 0.082500
0 0.343490 0.449167 0.035937 0.063333
0 0.378906 0.478750 0.052604 0.084167
0 0.634115 0.850000 0.023438 0.035000
0 0.658854 0.805000 0.025000 0.033333
1 0.684375 0.830417 0.032292 0.042500
0 0.675000 0.405417 0.047917 0.069167
