1 0.289167 0.682812 0.130000 0.073958
1 0.682083 0.389583 0.077500 0.045833
1 0.678750 0.336979 0.067500 0.045833
1 0.682500 0.286458 0.073333 0.044792
1 0.762917 0.388542 0.067500 0.050000
1 0.762083 0.337500 0.067500 0.043750
1 0.763333 0.286458 0.075000 0.042708
1 0.842917 0.386458 0.059167 0.041667
1 0.845833 0.337500 0.070000 0.043750
1 0.845417 0.287500 0.065833 0.040625
0 0.197083 0.686979 0.100833 0.080208
0 0.572083 0.480469 0.045833 0.031771
0 0.588750 0.554688 0.052500 0.037500
0 0.425417 0.564063 0.039167 0.025000
