1 0.323958 0.435417 0.085417 0.142500
1 0.682552 0.503333 0.044271 0.081667
0 0.714062 0.732917 0.043750 0.062500
0 0.685156 0.782500 0.045312 0.060000
0 0.711458 0.642500 0.036458 0.053333
0 0.730990 0.675833 0.032813 0.068333
0 0.675781 0.434583 0.034896 0.059167
0 0.620833 0.378750 0.051042 0.092500
0 0.717708 0.397500 0.052083 0.078333
1 0.338542 0.682917 0.037500 0.057500
1 0.666406 0.710000 0.036979 0.071667
0 0.658073 0.622500 0.028646 0.051667
0 0.625521 0.493333 0.037500 0.053333
0 0.617448 0.765833 0.035937 0.070000
