1 0.251667 0.335938 0.090000 0.066667
1 0.511250 0.502604 0.115833 0.069792
1 0.500000 0.357031 0.085000 0.056771
1 0.781667 0.669531 0.101667 0.069271
1 0.783333 0.510156 0.085000 0.064062
1 0.814583 0.377083 0.087500 0.058333
1 0.719583 0.297135 0.092500 0.061979
0 0.716250 0.361719 0.104167 0.067187
0 0.811667 0.314583 0.098333 0.048958
0 0.775417 0.453646 0.119167 0.048958
0 0.807917 0.721875 0.107500 0.051042
0 0.415000 0.521094 0.055000 0.040104
0 0.568333 0.447396 0.075000 0.037500
0 0.681667 0.630990 0.056667 0.038021
