1 0.564583 0.323958 0.142500 0.085417
1 0.496667 0.682552 0.081667 0.044271
0 0.267083 0.714062 0.062500 0.043750
0 0.217500 0.685156 0.060000 0.045312
0 0.357500 0.711458 0.053333 0.036458
0 0.324167 0.730990 0.068333 0.032813
0 0.565417 0.675781 0.059167 0.034896
0 0.621250 0.620833 0.092500 0.051042
0 0.602500 0.717708 0.078333 0.052083
1 0.317083 0.338542 0.057500 0.037500
1 0.290000 0.666406 0.071667 0.036979
0 0.377500 0.658073 0.051667 0.028646
0 0.506667 0.625521 0.053333 0.037500
0 0.234167 0.617448 0.070000 0.035937
