1 0.632812 0.719583 0.069792 0.092500
1 0.690104 0.483333 0.081250 0.146667
1 0.329427 0.774167 0.105729 0.165000
1 0.336979 0.505833 0.093750 0.141667
1 0.712760 0.772083 0.044271 0.059167
1 0.507031 0.505000 0.035937 0.060000
1 0.475000 0.457500 0.034375 0.061667
1 0.512240 0.423333 0.047396 0.065000
1 0.481250 0.532500 0.028125 0.061667
1 0.519792 0.322917 0.066667 0.082500
0 0.656510 0.550833 0.035937 0.063333
0 0.621094 0.521250 0.052604 0.084167
0 0.365885 0.150000 0.023438 0.035000
0 0.341146 0.195000 0.025000 0.033333
1 0.315625 0.169583 0.032292 0.042500
0 0.325000 0.594583 0.047917 0.069167
