1 0.780000 0.502083 0.120000 0.076042
1 0.488750 0.341927 0.149167 0.103646
1 0.256250 0.677083 0.107500 0.066667
1 0.438333 0.645833 0.075000 0.042708
1 0.500833 0.708333 0.070000 0.042708
1 0.565417 0.677083 0.060833 0.038542
1 0.519167 0.645833 0.060000 0.042708
1 0.428750 0.691406 0.067500 0.043229
1 0.227083 0.341406 0.062500 0.039062
0 0.278333 0.385938 0.060000 0.046875
0 0.157500 0.298958 0.051667 0.035417
0 0.177917 0.360677 0.049167 0.036979
0 0.133333 0.371615 0.050000 0.028646
1 0.699583 0.680469 0.054167 0.030729
1 0.730833 0.656250 0.046667 0.029167
1 0.736667 0.702083 0.051667 0.030208
1 0.789167 0.697656 0.040000 0.026562
0 0.290833 0.344531 0.048333 0.032813
1 0.160833 0.509115 0.070000 0.039062
