1 0.798750 0.497135 0.117500 0.088021
1 0.588333 0.473437 0.086667 0.057292
1 0.550833 0.519531 0.060000 0.048438
1 0.234583 0.454688 0.077500 0.050000
1 0.547500 0.363281 0.060000 0.041146
1 0.528750 0.325781 0.087500 0.046354
1 0.251250 0.326562 0.055833 0.034375
1 0.820000 0.671615 0.063333 0.041146
0 0.841667 0.703906 0.061667 0.028646
0 0.746250 0.678125 0.047500 0.034375
0 0.303750 0.289323 0.037500 0.019271
0 0.348333 0.319271 0.048333 0.031250
0 0.290417 0.379948 0.059167 0.040104
0 0.239167 0.284896 0.031667 0.023958
