1 0.505729 0.487083 0.055208 0.072500
1 0.335677 0.200000 0.125521 0.195000
0 0.519010 0.561667 0.028646 0.045000
0 0.547135 0.427083 0.031771 0.052500
0 0.560156 0.391667 0.038021 0.065000
0 0.511979 0.425417 0.033333 0.047500
0 0.448177 0.437500 0.033854 0.055000
0 0.480990 0.557500 0.026562 0.045000
0 0.460156 0.570000 0.020313 0.033333
0 0.482812 0.389167 0.029167 0.055000
0 0.561979 0.456250 0.027083 0.042500
0 0.461458 0.500000 0.034375 0.045000
0 0.528906 0.485833 0.024479 0.043333
1 0.338802 0.424167 0.034896 0.061667
