1 0.698437 0.511667 0.093750 0.135000
1 0.678385 0.217500 0.088021 0.123333
1 0.490885 0.783333 0.025521 0.043333
0 0.483854 0.593333 0.023958 0.030000
0 0.487240 0.553333 0.019271 0.031667
1 0.463802 0.498333 0.010937 0.018333
0 0.434115 0.540417 0.014063 0.027500
0 0.556510 0.446667 0.014063 0.026667
0 0.552865 0.410833 0.016146 0.025000
0 0.521615 0.560417 0.014063 0.027500
0 0.478125 0.418333 0.015625 0.025000
1 0.504427 0.440833 0.015104 0.028333
1 0.624740 0.461667 0.042188 0.071667
1 0.509115 0.533333 0.021354 0.030000
