1 0.317188 0.289167 0.073958 0.130000
1 0.610417 0.682083 0.045833 0.077500
1 0.663021 0.678750 0.045833 0.067500
1 0.713542 0.682500 0.044792 0.073333
1 0.611458 0.762917 0.050000 0.067500
1 0.662500 0.762083 0.043750 0.067500
1 0.713542 0.763333 0.042708 0.075000
1 0.613542 0.842917 0.041667 0.059167
1 0.662500 0.845833 0.043750 0.070000
1 0.712500 0.845417 0.040625 0.065833
0 0.313021 0.197083 0.080208 0.100833
0 0.519531 0.572083 0.031771 0.045833
0 0.445312 0.588750 0.037500 0.052500
0 0.435937 0.425417 0.025000 0.039167
