1 0.201250 0.502865 0.117500 0.088021
1 0.411667 0.526563 0.086667 0.057292
1 0.449167 0.480469 0.060000 0.048438
1 0.765417 0.545312 0.077500 0.050000
1 0.452500 0.636719 0.060000 0.041146
1 0.471250 0.674219 0.087500 0.046354
1 0.748750 0.673438 0.055833 0.034375
1 0.180000 0.328385 0.063333 0.041146
0 0.158333 0.296094 0.061667 0.028646
0 0.253750 0.321875 0.047500 0.034375
0 0.696250 0.710677 0.037500 0.019271
0 0.651667 0.680729 0.048333 0.031250
0 0.709583 0.620052 0.059167 0.040104
0 0.760833 0.715104 0.031667 0.023958
