1 0.336979 0.495000 0.137500 0.215000
1 0.516406 0.506667 0.050521 0.075000
1 0.664062 0.226250 0.065625 0.077500
0 0.507031 0.288333 0.020313 0.021667
0 0.457031 0.277500 0.020313 0.026667
1 0.555729 0.195417 0.033333 0.052500
0 0.556510 0.329583 0.028646 0.029167
0 0.502083 0.211250 0.027083 0.035833
0 0.470313 0.185833 0.021875 0.038333
0 0.467708 0.131667 0.019792 0.028333
0 0.447917 0.147083 0.018750 0.029167
0 0.499219 0.242500 0.019271 0.033333
1 0.318229 0.309167 0.042708 0.081667
1 0.386458 0.249167 0.052083 0.075000
1 0.330729 0.746667 0.039583 0.066667
