1 0.664062 0.251667 0.066667 0.090000
1 0.497396 0.511250 0.069792 0.115833
1 0.642969 0.500000 0.056771 0.085000
1 0.330469 0.781667 0.069271 0.101667
1 0.489844 0.783333 0.064062 0.085000
1 0.622917 0.814583 0.058333 0.087500
1 0.702865 0.719583 0.061979 0.092500
0 0.638281 0.716250 0.067187 0.104167
0 0.685417 0.811667 0.048958 0.098333
0 0.546354 0.775417 0.048958 0.119167
0 0.278125 0.807917 0.051042 0.107500
0 0.478906 0.415000 0.040104 0.055000
0 0.552604 0.568333 0.037500 0.075000
0 0.369010 0.681667 0.038021 0.056667
