1 0.435417 0.676042 0.142500 0.085417
1 0.503333 0.317448 0.081667 0.044271
0 0.732917 0.285938 0.062500 0.043750
0 0.782500 0.314844 0.060000 0.045312
0 0.642500 0.288542 0.053333 0.036458
0 0.675833 0.269010 0.068333 0.032813
0 0.434583 0.324219 0.059167 0.034896
0 0.378750 0.379167 0.092500 0.051042
0 0.397500 0.282292 0.078333 0.052083
1 0.682917 0.661458 0.057500 0.037500
1 0.710000 0.333594 0.071667 0.036979
0 0.622500 0.341927 0.051667 0.028646
0 0.493333 0.374479 0.053333 0.037500
0 0.765833 0.382552 0.070000 0.035937
