1 0.502083 0.220000 0.076042 0.120000
1 0.341927 0.511250 0.103646 0.149167
1 0.677083 0.743750 0.066667 0.107500
1 0.645833 0.561667 0.042708 0.075000
1 0.708333 0.499167 0.042708 0.070000
1 0.677083 0.434583 0.038542 0.060833
1 0.645833 0.480833 0.042708 0.060000
1 0.691406 0.571250 0.043229 0.067500
1 0.341406 0.772917 0.039062 0.062500
0 0.385938 0.721667 0.046875 0.060000
0 0.298958 0.842500 0.035417 0.051667
0 0.360677 0.822083 0.036979 0.049167
0 0.371615 0.866667 0.028646 0.050000
1 0.680469 0.300417 0.030729 0.054167
1 0.656250 0.269167 0.029167 0.046667
1 0.702083 0.263333 0.030208 0.051667
1 0.697656 0.210833 0.026562 0.040000
0 0.344531 0.709167 0.032813 0.048333
1 0.509115 0.839167 0.039062 0.070000
