1 0.488333 0.698437 0.135000 0.093750
1 0.782500 0.678385 0.123333 0.088021
1 0.216667 0.490885 0.043333 0.025521
0 0.406667 0.483854 0.030000 0.023958
0 0.446667 0.487240 0.031667 0.019271
1 0.501667 0.463802 0.018333 0.010937
0 0.459583 0.434115 0.027500 0.014063
0 0.553333 0.556510 0.026667 0.014063
0 0.589167 0.552865 0.025000 0.016146
0 0.439583 0.521615 0.027500 0.014063
0 0.581667 0.478125 0.025000 0.015625
1 0.559167 0.504427 0.028333 0.015104
1 0.538333 0.624740 0.071667 0.042188
1 0.466667 0.509115 0.030000 0.021354
