1 0.501042 0.452500 0.062500 0.091667
1 0.339062 0.275833 0.027083 0.033333
1 0.276042 0.368750 0.023958 0.034167
1 0.296875 0.362083 0.020833 0.025833
1 0.316406 0.366667 0.020313 0.030000
1 0.332552 0.380417 0.022396 0.029167
1 0.362760 0.377917 0.026562 0.037500
1 0.297396 0.396667 0.023958 0.035000
1 0.276302 0.394583 0.021354 0.032500
1 0.319271 0.396667 0.022917 0.036667
1 0.347917 0.400000 0.016667 0.025000
1 0.278125 0.424583 0.022917 0.030833
1 0.296094 0.427083 0.019271 0.029167
1 0.352344 0.429583 0.018229 0.032500
1 0.370052 0.432083 0.019271 0.035833
1 0.345313 0.449167 0.020833 0.028333
1 0.283073 0.477917 0.023438 0.032500
1 0.338281 0.477500 0.020313 0.036667
1 0.358073 0.477500 0.020313 0.035000
1 0.335156 0.515833 0.023438 0.036667
1 0.352604 0.540417 0.026042 0.039167
1 0.374219 0.528333 0.019271 0.033333
1 0.283854 0.508750 0.021875 0.027500
