1 0.502865 0.798750 0.088021 0.117500
1 0.526563 0.588333 0.057292 0.086667
1 0.480469 0.550833 0.048438 0.060000
1 0.545312 0.234583 0.050000 0.077500
1 0.636719 0.547500 0.041146 0.060000
1 0.674219 0.528750 0.046354 0.087500
1 0.673438 0.251250 0.034375 0.055833
1 0.328385 0.820000 0.041146 0.063333
0 0.296094 0.841667 0.028646 0.061667
0 0.321875 0.746250 0.034375 0.047500
0 0.710677 0.303750 0.019271 0.037500
0 0.680729 0.348333 0.031250 0.048333
0 0.620052 0.290417 0.040104 0.059167
0 0.715104 0.239167 0.023958 0.031667
