1 0.676042 0.564583 0.085417 0.142500
1 0.317448 0.496667 0.044271 0.081667
0 0.285938 0.267083 0.043750 0.062500
0 0.314844 0.217500 0.045312 0.060000
0 0.288542 0.357500 0.036458 0.053333
0 0.269010 0.324167 0.032813 0.068333
0 0.324219 0.565417 0.034896 0.059167
0 0.379167 0.621250 0.051042 0.092500
0 0.282292 0.602500 0.052083 0.078333
1 0.661458 0.317083 0.037500 0.057500
1 0.333594 0.290000 0.036979 0.071667
0 0.341927 0.377500 0.028646 0.051667
0 0.374479 0.506667 0.037500 0.053333
0 0.382552 0.234167 0.035937 0.070000
