1 0.748333 0.664062 0.090000 0.066667
1 0.488750 0.497396 0.115833 0.069792
1 0.500000 0.642969 0.085000 0.056771
1 0.218333 0.330469 0.101667 0.069271
1 0.216667 0.489844 0.085000 0.064062
1 0.185417 0.622917 0.087500 0.058333
1 0.280417 0.702865 0.092500 0.061979
0 0.283750 0.638281 0.104167 0.067187
0 0.188333 0.685417 0.098333 0.048958
0 0.224583 0.546354 0.119167 0.048958
0 0.192083 0.278125 0.107500 0.051042
0 0.585000 0.478906 0.055000 0.040104
0 0.431667 0.552604 0.075000 0.037500
0 0.318333 0.369010 0.056667 0.038021
