1 0.487083 0.494271 0.072500 0.055208
1 0.200000 0.664323 0.195000 0.125521
0 0.561667 0.480990 0.045000 0.028646
0 0.427083 0.452865 0.052500 0.031771
0 0.391667 0.439844 0.065000 0.038021
0 0.425417 0.488021 0.047500 0.033333
0 0.437500 0.551823 0.055000 0.033854
0 0.557500 0.519010 0.045000 0.026562
0 0.570000 0.539844 0.033333 0.020313
0 0.389167 0.517188 0.055000 0.029167
0 0.456250 0.438021 0.042500 0.027083
0 0.500000 0.538542 0.045000 0.034375
0 0.485833 0.471094 0.043333 0.024479
1 0.424167 0.661198 0.061667 0.034896
