1 0.495000 0.663021 0.215000 0.137500
1 0.506667 0.483594 0.075000 0.050521
1 0.226250 0.335938 0.077500 0.065625
0 0.288333 0.492969 0.021667 0.020313
0 0.277500 0.542969 0.026667 0.020313
1 0.195417 0.444271 0.052500 0.033333
0 0.329583 0.443490 0.029167 0.028646
0 0.211250 0.497917 0.035833 0.027083
0 0.185833 0.529687 0.038333 0.021875
0 0.131667 0.532292 0.028333 0.019792
0 0.147083 0.552083 0.029167 0.018750
0 0.242500 0.500781 0.033333 0.019271
1 0.309167 0.681771 0.081667 0.042708
1 0.249167 0.613542 0.075000 0.052083
1 0.746667 0.669271 0.066667 0.039583
