1 0.512917 0.505729 0.072500 0.055208
1 0.800000 0.335677 0.195000 0.125521
0 0.438333 0.519010 0.045000 0.028646
0 0.572917 0.547135 0.052500 0.031771
0 0.608333 0.560156 0.065000 0.038021
0 0.574583 0.511979 0.047500 0.033333
0 0.562500 0.448177 0.055000 0.033854
0 0.442500 0.480990 0.045000 0.026562
0 0.430000 0.460156 0.033333 0.020313
0 0.610833 0.482812 0.055000 0.029167
0 0.543750 0.561979 0.042500 0.027083
0 0.500000 0.461458 0.045000 0.034375
0 0.514167 0.528906 0.043333 0.024479
1 0.575833 0.338802 0.061667 0.034896
