1 0.508333 0.154167 0.083333 0.125000
1 0.675260 0.457083 0.099479 0.174167
1 0.562240 0.548750 0.022396 0.037500
1 0.533854 0.550833 0.025000 0.040000
1 0.502604 0.547083 0.023958 0.037500
1 0.470573 0.544583 0.027604 0.042500
1 0.559896 0.502500 0.026042 0.040000
1 0.500781 0.505833 0.026562 0.040000
1 0.482292 0.494583 0.030208 0.040833
1 0.443229 0.528333 0.019792 0.031667
1 0.450260 0.471250 0.026562 0.042500
1 0.559635 0.458333 0.023438 0.035000
1 0.533854 0.452083 0.020833 0.030833
1 0.515365 0.452917 0.014063 0.025833
1 0.497135 0.459583 0.017188 0.027500
1 0.448698 0.417917 0.028646 0.037500
1 0.448698 0.385000 0.019271 0.030000
1 0.544531 0.368333 0.024479 0.036667
1 0.513542 0.365417 0.027083 0.035833
1 0.479948 0.398333 0.021354 0.031667
1 0.510156 0.412917 0.027604 0.039167
