1 0.845833 0.508333 0.125000 0.083333
1 0.542917 0.675260 0.174167 0.099479
1 0.451250 0.562240 0.037500 0.022396
1 0.449167 0.533854 0.040000 0.025000
1 0.452917 0.502604 0.037500 0.023958
1 0.455417 0.470573 0.042500 0.027604
1 0.497500 0.559896 0.040000 0.026042
1 0.494167 0.500781 0.040000 0.026562
1 0.505417 0.482292 0.040833 0.030208
1 0.471667 0.443229 0.031667 0.019792
1 0.528750 0.450260 0.042500 0.026562
1 0.541667 0.559635 0.035000 0.023438
1 0.547917 0.533854 0.030833 0.020833
1 0.547083 0.515365 0.025833 0.014063
1 0.540417 0.497135 0.027500 0.017188
1 0.582083 0.448698 0.037500 0.028646
1 0.615000 0.448698 0.030000 0.019271
1 0.631667 0.544531 0.036667 0.024479
1 0.634583 0.513542 0.035833 0.027083
1 0.601667 0.479948 0.031667 0.021354
1 0.587083 0.510156 0.039167 0.027604
