1 0.284167 0.509635 0.065000 0.043229
1 0.281250 0.669010 0.064167 0.040104
1 0.814583 0.685937 0.149167 0.086458
1 0.550833 0.503906 0.075000 0.042188
1 0.556250 0.305990 0.097500 0.058854
1 0.246250 0.321615 0.062500 0.044271
0 0.567083 0.535938 0.059167 0.037500
0 0.620000 0.478906 0.055000 0.029687
0 0.476667 0.282813 0.068333 0.038542
0 0.500417 0.538802 0.059167 0.043229
0 0.388750 0.384896 0.045833 0.035417
0 0.386250 0.347135 0.040833 0.024479
0 0.192083 0.294792 0.047500 0.028125
0 0.902500 0.645313 0.121667 0.089583
