1 0.497083 0.319792 0.032500 0.029167
1 0.715833 0.511198 0.033333 0.022396
0 0.646250 0.355208 0.075833 0.038542
0 0.434167 0.289062 0.026667 0.018750
0 0.437083 0.305990 0.025833 0.015104
0 0.384583 0.341406 0.040833 0.028646
0 0.395000 0.297396 0.061667 0.028125
0 0.395417 0.272135 0.030833 0.022396
0 0.424167 0.344531 0.041667 0.028646
0 0.430833 0.367708 0.041667 0.025000
0 0.324583 0.351302 0.047500 0.030729
1 0.734583 0.711198 0.030833 0.020313
1 0.706250 0.709375 0.020833 0.013542
1 0.688333 0.709635 0.018333 0.013021
1 0.667500 0.712240 0.023333 0.017188
1 0.739583 0.695833 0.017500 0.011458
1 0.710833 0.695312 0.023333 0.011458
0 0.495000 0.384635 0.038333 0.034896
