1 0.502917 0.680208 0.032500 0.029167
1 0.284167 0.488802 0.033333 0.022396
0 0.353750 0.644792 0.075833 0.038542
0 0.565833 0.710938 0.026667 0.018750
0 0.562917 0.694010 0.025833 0.015104
0 0.615417 0.658594 0.040833 0.028646
0 0.605000 0.702604 0.061667 0.028125
0 0.604583 0.727865 0.030833 0.022396
0 0.575833 0.655469 0.041667 0.028646
0 0.569167 0.632292 0.041667 0.025000
0 0.675417 0.648698 0.047500 0.030729
1 0.265417 0.288802 0.030833 0.020313
1 0.293750 0.290625 0.020833 0.013542
1 0.311667 0.290365 0.018333 0.013021
1 0.332500 0.287760 0.023333 0.017188
1 0.260417 0.304167 0.017500 0.011458
1 0.289167 0.304688 0.023333 0.011458
0 0.505000 0.615365 0.038333 0.034896
