0 0.180352 0.901693 0.111437 0.102865
0 0.106305 0.641927 0.130499 0.122396
0 0.271994 0.759115 0.153959 0.153646
0 0.108504 0.400391 0.187683 0.165365
0 0.048387 0.936198 0.093842 0.125000
0 0.063783 0.839193 0.077713 0.066406
0 0.042522 0.765625 0.082111 0.096354
0 0.152493 0.718750 0.140762 0.114583
0 0.223607 0.572917 0.086510 0.080729
0 0.277126 0.664714 0.123167 0.126302
0 0.130499 0.233073 0.146628 0.138021
0 0.059384 0.187500 0.115836 0.111979
0 0.211877 0.291667 0.145161 0.122396
0 0.230938 0.171224 0.148094 0.144531
0 0.414956 0.762370 0.111437 0.118490
0 0.434018 0.597005 0.129032 0.152344
0 0.553519 0.585286 0.153959 0.162760
0 0.564516 0.808594 0.096774 0.098958
0 0.475806 0.861979 0.080645 0.078125
0 0.522727 0.940755 0.104106 0.087240
0 0.359238 0.193359 0.111437 0.123698
0 0.489736 0.162760 0.134897 0.114583
0 0.504399 0.300130 0.114370 0.123698
0 0.574780 0.416016 0.161290 0.128906
0 0.695748 0.396484 0.107038 0.136719
0 0.802786 0.397786 0.142229 0.134115
0 0.664223 0.281901 0.099707 0.089844
0 0.630499 0.079427 0.137830 0.114583
0 0.354106 0.386068 0.104106 0.092448
0 0.340176 0.542318 0.096774 0.097656
0 0.312317 0.487630 0.102639 0.089844
0 0.210411 0.498047 0.092375 0.076823
0 0.213343 0.404948 0.112903 0.104167
0 0.328446 0.882161 0.099707 0.095052
0 0.233138 0.905599 0.082111 0.100260
0 0.544721 0.694010 0.077713 0.093750
0 0.674487 0.711589 0.155425 0.136719
0 0.673021 0.488281 0.126100 0.119792
0 0.128299 0.118490 0.133431 0.111979
0 0.048387 0.054688 0.093842 0.109375
0 0.625367 0.164714 0.098240 0.102865
0 0.725073 0.224609 0.139296 0.113281
0 0.758798 0.094401 0.104106 0.108073
0 0.675953 0.967448 0.105572 0.062500
0 0.574780 0.956380 0.102639 0.084635
0 0.656891 0.805990 0.105572 0.117188
0 0.793255 0.727214 0.114370 0.123698
0 0.945015 0.645182 0.109971 0.123698
0 0.945015 0.379557 0.109971 0.136719
0 0.826246 0.298177 0.121701 0.164062
0 0.950880 0.239583 0.083578 0.085938
0 0.854106 0.093099 0.109971 0.123698
0 0.855572 0.151693 0.092375 0.105469
0 0.898827 0.977214 0.087977 0.042969
0 0.922287 0.178385 0.070381 0.065104
