0 0.098307 0.180352 0.102865 0.111437
0 0.358073 0.106305 0.122396 0.130499
0 0.240885 0.271994 0.153646 0.153959
0 0.599609 0.108504 0.165365 0.187683
0 0.063802 0.048387 0.125000 0.093842
0 0.160807 0.063783 0.066406 0.077713
0 0.234375 0.042522 0.096354 0.082111
0 0.281250 0.152493 0.114583 0.140762
0 0.427083 0.223607 0.080729 0.086510
0 0.335286 0.277126 0.126302 0.123167
0 0.766927 0.130499 0.138021 0.146628
0 0.812500 0.059384 0.111979 0.115836
0 0.708333 0.211877 0.122396 0.145161
0 0.828776 0.230938 0.144531 0.148094
0 0.237630 0.414956 0.118490 0.111437
0 0.402995 0.434018 0.152344 0.129032
0 0.414714 0.553519 0.162760 0.153959
0 0.191406 0.564516 0.098958 0.096774
0 0.138021 0.475806 0.078125 0.080645
0 0.059245 0.522727 0.087240 0.104106
0 0.806641 0.359238 0.123698 0.111437
0 0.837240 0.489736 0.114583 0.134897
0 0.699870 0.504399 0.123698 0.114370
0 0.583984 0.574780 0.128906 0.161290
0 0.603516 0.695748 0.136719 0.107038
0 0.602214 0.802786 0.134115 0.142229
0 0.718099 0.664223 0.089844 0.099707
0 0.920573 0.630499 0.114583 0.137830
0 0.613932 0.354106 0.092448 0.104106
0 0.457682 0.340176 0.097656 0.096774
0 0.512370 0.312317 0.089844 0.102639
0 0.501953 0.210411 0.076823 0.092375
0 0.595052 0.213343 0.104167 0.112903
0 0.117839 0.328446 0.095052 0.099707
0 0.094401 0.233138 0.100260 0.082111
0 0.305990 0.544721 0.093750 0.077713
0 0.288411 0.674487 0.136719 0.155425
0 0.511719 0.673021 0.119792 0.126100
0 0.881510 0.128299 0.111979 0.133431
0 0.945312 0.048387 0.109375 0.093842
0 0.835286 0.625367 0.102865 0.098240
0 0.775391 0.725073 0.113281 0.139296
0 0.905599 0.758798 0.108073 0.104106
0 0.032552 0.675953 0.062500 0.105572
0 0.043620 0.574780 0.084635 0.102639
0 0.194010 0.656891 0.117188 0.105572
0 0.272786 0.793255 0.123698 0.114370
0 0.354818 0.945015 0.123698 0.109971
0 0.620443 0.945015 0.136719 0.109971
0 0.701823 0.826246 0.164062 0.121701
0 0.760417 0.950880 0.085938 0.083578
0 0.906901 0.854106 0.123698 0.109971
0 0.848307 0.855572 0.105469 0.092375
0 0.022786 0.898827 0.042969 0.087977
0 0.821615 0.922287 0.065104 0.070381
