1 0.474740 0.236667 0.077604 0.131667
1 0.494792 0.750000 0.055208 0.093333
1 0.663021 0.761667 0.045833 0.071667
1 0.646094 0.482083 0.035937 0.057500
0 0.449740 0.671667 0.048438 0.083333
0 0.498958 0.685417 0.044792 0.070833
0 0.715365 0.835417 0.046354 0.070833
0 0.669010 0.845833 0.040104 0.065000
0 0.699479 0.757917 0.035417 0.059167
0 0.690885 0.502917 0.035937 0.059167
0 0.713281 0.421250 0.029687 0.062500
0 0.662500 0.255833 0.026042 0.040000
0 0.638281 0.187917 0.025521 0.042500
0 0.680208 0.296250 0.029167 0.035833
0 0.704688 0.187500 0.031250 0.043333
0 0.621615 0.304167 0.030729 0.043333
0 0.675260 0.675417 0.049479 0.067500
1 0.470833 0.472083 0.065625 0.105833
