1 0.525260 0.763333 0.077604 0.131667
1 0.505208 0.250000 0.055208 0.093333
1 0.336979 0.238333 0.045833 0.071667
1 0.353906 0.517917 0.035937 0.057500
0 0.550260 0.328333 0.048438 0.083333
0 0.501042 0.314583 0.044792 0.070833
0 0.284635 0.164583 0.046354 0.070833
0 0.330990 0.154167 0.040104 0.065000
0 0.300521 0.242083 0.035417 0.059167
0 0.309115 0.497083 0.035937 0.059167
0 0.286719 0.578750 0.029687 0.062500
0 0.337500 0.744167 0.026042 0.040000
0 0.361719 0.812083 0.025521 0.042500
0 0.319792 0.703750 0.029167 0.035833
0 0.295312 0.812500 0.031250 0.043333
0 0.378385 0.695833 0.030729 0.043333
0 0.324740 0.324583 0.049479 0.067500
1 0.529167 0.527917 0.065625 0.105833
