0 0.081378 0.763672 0.095308 0.110677
0 0.076979 0.651042 0.118768 0.125000
0 0.140762 0.691406 0.105572 0.085938
0 0.226540 0.941406 0.109971 0.106771
0 0.269795 0.868490 0.123167 0.104167
0 0.255132 0.609375 0.099707 0.106771
0 0.250000 0.692708 0.107038 0.083333
0 0.294721 0.369141 0.170088 0.188802
0 0.145894 0.291016 0.168622 0.147135
0 0.637830 0.652344 0.079179 0.101562
0 0.402493 0.843099 0.080645 0.082031
0 0.756598 0.850911 0.076246 0.115885
0 0.890029 0.492188 0.085044 0.101562
0 0.894428 0.395182 0.073314 0.097656
0 0.950147 0.281901 0.093842 0.076823
0 0.934751 0.188802 0.080645 0.104167
0 0.955279 0.410807 0.089443 0.100260
0 0.072581 0.263021 0.112903 0.111979
0 0.527859 0.925781 0.117302 0.132812
0 0.605572 0.921875 0.099707 0.088542
