0 0.918622 0.236328 0.095308 0.110677
0 0.923021 0.348958 0.118768 0.125000
0 0.859238 0.308594 0.105572 0.085938
0 0.773460 0.058594 0.109971 0.106771
0 0.730205 0.131510 0.123167 0.104167
0 0.744868 0.390625 0.099707 0.106771
0 0.750000 0.307292 0.107038 0.083333
0 0.705279 0.630859 0.170088 0.188802
0 0.854106 0.708984 0.168622 0.147135
0 0.362170 0.347656 0.079179 0.101562
0 0.597507 0.156901 0.080645 0.082031
0 0.243402 0.149089 0.076246 0.115885
0 0.109971 0.507812 0.085044 0.101562
0 0.105572 0.604818 0.073314 0.097656
0 0.049853 0.718099 0.093842 0.076823
0 0.065249 0.811198 0.080645 0.104167
0 0.044721 0.589193 0.089443 0.100260
0 0.927419 0.736979 0.112903 0.111979
0 0.472141 0.074219 0.117302 0.132812
0 0.394428 0.078125 0.099707 0.088542
