0 0.873167 0.072917 0.089443 0.072917
0 0.815982 0.138021 0.074780 0.057292
0 0.905425 0.315104 0.121701 0.072917
0 0.779326 0.286458 0.068915 0.075521
0 0.742669 0.563802 0.109971 0.101562
0 0.826246 0.666667 0.107038 0.083333
0 0.692082 0.729167 0.108504 0.101562
0 0.615103 0.822917 0.127566 0.117188
0 0.645161 0.139974 0.105572 0.087240
0 0.714076 0.188151 0.082111 0.084635
0 0.633431 0.247396 0.108504 0.101562
0 0.640029 0.309245 0.092375 0.082031
0 0.703079 0.123047 0.080645 0.092448
0 0.516862 0.032552 0.109971 0.062500
0 0.426686 0.042318 0.114370 0.082031
0 0.440616 0.263021 0.092375 0.080729
0 0.497067 0.344401 0.143695 0.136719
0 0.516129 0.444661 0.093842 0.079427
0 0.659091 0.434896 0.080645 0.085938
0 0.653959 0.574870 0.085044 0.115885
0 0.778592 0.768880 0.090909 0.105469
0 0.771994 0.888672 0.109971 0.110677
0 0.646628 0.869792 0.093842 0.083333
0 0.575513 0.568359 0.118768 0.115885
0 0.477273 0.611979 0.112903 0.101562
0 0.524927 0.660156 0.105572 0.085938
0 0.478006 0.723307 0.120235 0.113281
0 0.431818 0.100911 0.086510 0.084635
0 0.359971 0.473958 0.136364 0.083333
0 0.345308 0.554688 0.077713 0.067708
0 0.287390 0.680339 0.126100 0.115885
0 0.215543 0.051432 0.087977 0.074219
0 0.207478 0.162109 0.118768 0.110677
0 0.075513 0.236328 0.151026 0.149740
0 0.230938 0.302734 0.095308 0.097656
0 0.171554 0.339844 0.102639 0.101562
0 0.046921 0.430339 0.093842 0.092448
0 0.100440 0.479818 0.101173 0.076823
0 0.109971 0.581380 0.087977 0.076823
0 0.076246 0.750651 0.093842 0.095052
0 0.050587 0.854167 0.101173 0.130208
0 0.380499 0.825521 0.080645 0.091146
