0 0.072917 0.126833 0.072917 0.089443
0 0.138021 0.184018 0.057292 0.074780
0 0.315104 0.094575 0.072917 0.121701
0 0.286458 0.220674 0.075521 0.068915
0 0.563802 0.257331 0.101562 0.109971
0 0.666667 0.173754 0.083333 0.107038
0 0.729167 0.307918 0.101562 0.108504
0 0.822917 0.384897 0.117188 0.127566
0 0.139974 0.354839 0.087240 0.105572
0 0.188151 0.285924 0.084635 0.082111
0 0.247396 0.366569 0.101562 0.108504
0 0.309245 0.359971 0.082031 0.092375
0 0.123047 0.296921 0.092448 0.080645
0 0.032552 0.483138 0.062500 0.109971
0 0.042318 0.573314 0.082031 0.114370
0 0.263021 0.559384 0.080729 0.092375
0 0.344401 0.502933 0.136719 0.143695
0 0.444661 0.483871 0.079427 0.093842
0 0.434896 0.340909 0.085938 0.080645
0 0.574870 0.346041 0.115885 0.085044
0 0.768880 0.221408 0.105469 0.090909
0 0.888672 0.228006 0.110677 0.109971
0 0.869792 0.353372 0.083333 0.093842
0 0.568359 0.424487 0.115885 0.118768
0 0.611979 0.522727 0.101562 0.112903
0 0.660156 0.475073 0.085938 0.105572
0 0.723307 0.521994 0.113281 0.120235
0 0.100911 0.568182 0.084635 0.086510
0 0.473958 0.640029 0.083333 0.136364
0 0.554688 0.654692 0.067708 0.077713
0 0.680339 0.712610 0.115885 0.126100
0 0.051432 0.784457 0.074219 0.087977
0 0.162109 0.792522 0.110677 0.118768
0 0.236328 0.924487 0.149740 0.151026
0 0.302734 0.769062 0.097656 0.095308
0 0.339844 0.828446 0.101562 0.102639
0 0.430339 0.953079 0.092448 0.093842
0 0.479818 0.899560 0.076823 0.101173
0 0.581380 0.890029 0.076823 0.087977
0 0.750651 0.923754 0.095052 0.093842
0 0.854167 0.949413 0.130208 0.101173
0 0.825521 0.619501 0.091146 0.080645
