0 0.126833 0.927083 0.089443 0.072917
0 0.184018 0.861979 0.074780 0.057292
0 0.094575 0.684896 0.121701 0.072917
0 0.220674 0.713542 0.068915 0.075521
0 0.257331 0.436198 0.109971 0.101562
0 0.173754 0.333333 0.107038 0.083333
0 0.307918 0.270833 0.108504 0.101562
0 0.384897 0.177083 0.127566 0.117188
0 0.354839 0.860026 0.105572 0.087240
0 0.285924 0.811849 0.082111 0.084635
0 0.366569 0.752604 0.108504 0.101562
0 0.359971 0.690755 0.092375 0.082031
0 0.296921 0.876953 0.080645 0.092448
0 0.483138 0.967448 0.109971 0.062500
0 0.573314 0.957682 0.114370 0.082031
0 0.559384 0.736979 0.092375 0.080729
0 0.502933 0.655599 0.143695 0.136719
0 0.483871 0.555339 0.093842 0.079427
0 0.340909 0.565104 0.080645 0.085938
0 0.346041 0.425130 0.085044 0.115885
0 0.221408 0.231120 0.090909 0.105469
0 0.228006 0.111328 0.109971 0.110677
0 0.353372 0.130208 0.093842 0.083333
0 0.424487 0.431641 0.118768 0.115885
0 0.522727 0.388021 0.112903 0.101562
0 0.475073 0.339844 0.105572 0.085938
0 0.521994 0.276693 0.120235 0.113281
0 0.568182 0.899089 0.086510 0.084635
0 0.640029 0.526042 0.136364 0.083333
0 0.654692 0.445312 0.077713 0.067708
0 0.712610 0.319661 0.126100 0.115885
0 0.784457 0.948568 0.087977 0.074219
0 0.792522 0.837891 0.118768 0.110677
0 0.924487 0.763672 0.151026 0.149740
0 0.769062 0.697266 0.095308 0.097656
0 0.828446 0.660156 0.102639 0.101562
0 0.953079 0.569661 0.093842 0.092448
0 0.899560 0.520182 0.101173 0.076823
0 0.890029 0.418620 0.087977 0.076823
0 0.923754 0.249349 0.093842 0.095052
0 0.949413 0.145833 0.101173 0.130208
0 0.619501 0.174479 0.080645 0.091146
