1 0.479167 0.679167 0.191667 0.110417
1 0.206250 0.515885 0.202500 0.130729
1 0.465000 0.338281 0.080000 0.067187
1 0.270417 0.647917 0.057500 0.040625
0 0.477500 0.390365 0.071667 0.046354
0 0.734167 0.699740 0.025000 0.023438
0 0.761667 0.704167 0.033333 0.026042
0 0.814167 0.729687 0.050000 0.035417
0 0.839167 0.674219 0.036667 0.034896
0 0.817083 0.640625 0.035833 0.026042
0 0.768333 0.677604 0.025000 0.028125
0 0.835417 0.610677 0.039167 0.028646
0 0.817917 0.682812 0.035833 0.032292
0 0.802500 0.664323 0.028333 0.023438
0 0.787917 0.622917 0.039167 0.032292
0 0.794167 0.715104 0.025000 0.027083
