1 0.520833 0.320833 0.191667 0.110417
1 0.793750 0.484115 0.202500 0.130729
1 0.535000 0.661719 0.080000 0.067187
1 0.729583 0.352083 0.057500 0.040625
0 0.522500 0.609635 0.071667 0.046354
0 0.265833 0.300260 0.025000 0.023438
0 0.238333 0.295833 0.033333 0.026042
0 0.185833 0.270313 0.050000 0.035417
0 0.160833 0.325781 0.036667 0.034896
0 0.182917 0.359375 0.035833 0.026042
0 0.231667 0.322396 0.025000 0.028125
0 0.164583 0.389323 0.039167 0.028646
0 0.182083 0.317188 0.035833 0.032292
0 0.197500 0.335677 0.028333 0.023438
0 0.212083 0.377083 0.039167 0.032292
0 0.205833 0.284896 0.025000 0.027083
