1 0.679167 0.520833 0.110417 0.191667
1 0.515885 0.793750 0.130729 0.202500
1 0.338281 0.535000 0.067187 0.080000
1 0.647917 0.729583 0.040625 0.057500
0 0.390365 0.522500 0.046354 0.071667
0 0.699740 0.265833 0.023438 0.025000
0 0.704167 0.238333 0.026042 0.033333
0 0.729687 0.185833 0.035417 0.050000
0 0.674219 0.160833 0.034896 0.036667
0 0.640625 0.182917 0.026042 0.035833
0 0.677604 0.231667 0.028125 0.025000
0 0.610677 0.164583 0.028646 0.039167
0 0.682812 0.182083 0.032292 0.035833
0 0.664323 0.197500 0.023438 0.028333
0 0.622917 0.212083 0.032292 0.039167
0 0.715104 0.205833 0.027083 0.025000
