0 0.714809 0.410156 0.183284 0.192708
0 0.766129 0.613281 0.168622 0.161458
0 0.798387 0.753255 0.139296 0.149740
0 0.601906 0.638672 0.127566 0.147135
0 0.501466 0.455729 0.087977 0.106771
0 0.658358 0.065755 0.120235 0.126302
0 0.631965 0.151693 0.134897 0.108073
0 0.613636 0.238281 0.127566 0.127604
0 0.861437 0.614583 0.121701 0.127604
0 0.931085 0.693359 0.134897 0.149740
0 0.915689 0.779948 0.148094 0.130208
0 0.942815 0.813151 0.111437 0.128906
0 0.467009 0.743490 0.121701 0.111979
0 0.458211 0.632812 0.112903 0.091146
0 0.344575 0.076172 0.149560 0.134115
0 0.472141 0.329427 0.146628 0.184896
0 0.249267 0.479818 0.111437 0.108073
0 0.242669 0.275391 0.086510 0.128906
0 0.221408 0.940104 0.076246 0.098958
0 0.151026 0.927734 0.099707 0.095052
0 0.228739 0.552083 0.131965 0.111979
0 0.888563 0.365234 0.114370 0.160156
0 0.157625 0.055339 0.118768 0.108073
0 0.041056 0.433594 0.082111 0.072917
0 0.054252 0.649089 0.108504 0.113281
0 0.666422 0.934896 0.101173 0.122396
