0 0.285191 0.589844 0.183284 0.192708
0 0.233871 0.386719 0.168622 0.161458
0 0.201613 0.246745 0.139296 0.149740
0 0.398094 0.361328 0.127566 0.147135
0 0.498534 0.544271 0.087977 0.106771
0 0.341642 0.934245 0.120235 0.126302
0 0.368035 0.848307 0.134897 0.108073
0 0.386364 0.761719 0.127566 0.127604
0 0.138563 0.385417 0.121701 0.127604
0 0.068915 0.306641 0.134897 0.149740
0 0.084311 0.220052 0.148094 0.130208
0 0.057185 0.186849 0.111437 0.128906
0 0.532991 0.256510 0.121701 0.111979
0 0.541789 0.367188 0.112903 0.091146
0 0.655425 0.923828 0.149560 0.134115
0 0.527859 0.670573 0.146628 0.184896
0 0.750733 0.520182 0.111437 0.108073
0 0.757331 0.724609 0.086510 0.128906
0 0.778592 0.059896 0.076246 0.098958
0 0.848974 0.072266 0.099707 0.095052
0 0.771261 0.447917 0.131965 0.111979
0 0.111437 0.634766 0.114370 0.160156
0 0.842375 0.944661 0.118768 0.108073
0 0.958944 0.566406 0.082111 0.072917
0 0.945748 0.350911 0.108504 0.113281
0 0.333578 0.065104 0.101173 0.122396
