0 0.680339 0.518328 0.095052 0.098240
0 0.626953 0.459677 0.095052 0.104106
0 0.479167 0.862903 0.098958 0.104106
0 0.449219 0.739003 0.093750 0.099707
0 0.392578 0.838710 0.071615 0.105572
0 0.341146 0.802786 0.078125 0.101173
0 0.244792 0.880499 0.104167 0.112903
0 0.382812 0.893695 0.083333 0.089443
0 0.366536 0.713343 0.084635 0.101173
0 0.232422 0.683284 0.066406 0.073314
0 0.320964 0.624633 0.066406 0.079179
0 0.275391 0.629032 0.066406 0.076246
0 0.224609 0.803519 0.061198 0.070381
0 0.063151 0.877566 0.084635 0.095308
0 0.097656 0.804985 0.065104 0.087977
0 0.070312 0.750000 0.065104 0.065982
0 0.027344 0.748534 0.054688 0.127566
0 0.175130 0.506598 0.084635 0.115836
0 0.740234 0.433284 0.089844 0.112903
0 0.642578 0.369501 0.108073 0.126100
0 0.468099 0.420821 0.095052 0.117302
0 0.525391 0.380499 0.082031 0.095308
0 0.330729 0.534457 0.083333 0.089443
0 0.164062 0.282258 0.078125 0.086510
0 0.148438 0.199413 0.106771 0.099707
0 0.095052 0.134897 0.083333 0.102639
0 0.050781 0.074047 0.096354 0.101173
0 0.317057 0.078446 0.087240 0.107038
0 0.281250 0.154692 0.101562 0.109971
0 0.230469 0.225806 0.075521 0.082111
0 0.182292 0.417155 0.080729 0.104106
0 0.393880 0.444282 0.069010 0.076246
0 0.621094 0.236070 0.111979 0.129032
0 0.660156 0.121701 0.075521 0.087977
0 0.544271 0.149560 0.085938 0.087977
0 0.821615 0.325513 0.062500 0.090909
0 0.899740 0.321114 0.065104 0.067449
0 0.881510 0.228006 0.075521 0.068915
0 0.753255 0.199413 0.071615 0.090909
0 0.774089 0.135630 0.097656 0.086510
0 0.863932 0.060850 0.084635 0.080645
0 0.372396 0.194282 0.104167 0.109971
0 0.508464 0.230938 0.048177 0.051320
0 0.565755 0.088710 0.071615 0.077713
0 0.612630 0.034457 0.063802 0.068915
0 0.391927 0.038856 0.078125 0.077713
0 0.330078 0.035191 0.097656 0.070381
0 0.436849 0.346774 0.108073 0.107038
0 0.966146 0.163490 0.065104 0.080645
0 0.929036 0.239736 0.071615 0.071848
0 0.520833 0.063783 0.101562 0.098240
0 0.111979 0.579179 0.091146 0.096774
0 0.057292 0.297654 0.083333 0.105572
0 0.033203 0.367302 0.066406 0.107038
0 0.031250 0.285924 0.062500 0.093842
