0 0.481672 0.680339 0.098240 0.095052
0 0.540323 0.626953 0.104106 0.095052
0 0.137097 0.479167 0.104106 0.098958
0 0.260997 0.449219 0.099707 0.093750
0 0.161290 0.392578 0.105572 0.071615
0 0.197214 0.341146 0.101173 0.078125
0 0.119501 0.244792 0.112903 0.104167
0 0.106305 0.382812 0.089443 0.083333
0 0.286657 0.366536 0.101173 0.084635
0 0.316716 0.232422 0.073314 0.066406
0 0.375367 0.320964 0.079179 0.066406
0 0.370968 0.275391 0.076246 0.066406
0 0.196481 0.224609 0.070381 0.061198
0 0.122434 0.063151 0.095308 0.084635
0 0.195015 0.097656 0.087977 0.065104
0 0.250000 0.070312 0.065982 0.065104
0 0.251466 0.027344 0.127566 0.054688
0 0.493402 0.175130 0.115836 0.084635
0 0.566716 0.740234 0.112903 0.089844
0 0.630499 0.642578 0.126100 0.108073
0 0.579179 0.468099 0.117302 0.095052
0 0.619501 0.525391 0.095308 0.082031
0 0.465543 0.330729 0.089443 0.083333
0 0.717742 0.164062 0.086510 0.078125
0 0.800587 0.148438 0.099707 0.106771
0 0.865103 0.095052 0.102639 0.083333
0 0.925953 0.050781 0.101173 0.096354
0 0.921554 0.317057 0.107038 0.087240
0 0.845308 0.281250 0.109971 0.101562
0 0.774194 0.230469 0.082111 0.075521
0 0.582845 0.182292 0.104106 0.080729
0 0.555718 0.393880 0.076246 0.069010
0 0.763930 0.621094 0.129032 0.111979
0 0.878299 0.660156 0.087977 0.075521
0 0.850440 0.544271 0.087977 0.085938
0 0.674487 0.821615 0.090909 0.062500
0 0.678886 0.899740 0.067449 0.065104
0 0.771994 0.881510 0.068915 0.075521
0 0.800587 0.753255 0.090909 0.071615
0 0.864370 0.774089 0.086510 0.097656
0 0.939150 0.863932 0.080645 0.084635
0 0.805718 0.372396 0.109971 0.104167
0 0.769062 0.508464 0.051320 0.048177
0 0.911290 0.565755 0.077713 0.071615
0 0.965543 0.612630 0.068915 0.063802
0 0.961144 0.391927 0.077713 0.078125
0 0.964809 0.330078 0.070381 0.097656
0 0.653226 0.436849 0.107038 0.108073
0 0.836510 0.966146 0.080645 0.065104
0 0.760264 0.929036 0.071848 0.071615
0 0.936217 0.520833 0.098240 0.101562
0 0.420821 0.111979 0.096774 0.091146
0 0.702346 0.057292 0.105572 0.083333
0 0.632698 0.033203 0.107038 0.066406
0 0.714076 0.031250 0.093842 0.062500
