0 0.157552 0.456012 0.119792 0.146628
0 0.240885 0.264663 0.104167 0.104106
0 0.568359 0.241202 0.113281 0.121701
0 0.635417 0.096774 0.114583 0.129032
0 0.699870 0.275660 0.082031 0.087977
0 0.805339 0.251466 0.097656 0.130499
0 0.868490 0.200147 0.088542 0.104106
0 0.859375 0.120968 0.101562 0.121701
0 0.918620 0.191349 0.082031 0.104106
0 0.077474 0.213343 0.108073 0.145161
0 0.294922 0.435484 0.110677 0.099707
0 0.593099 0.370235 0.076823 0.095308
0 0.546224 0.360704 0.095052 0.117302
0 0.561849 0.463343 0.102865 0.114370
0 0.617188 0.469208 0.091146 0.123167
0 0.660807 0.438416 0.076823 0.076246
0 0.652344 0.283724 0.098958 0.107038
0 0.890625 0.351906 0.083333 0.123167
0 0.854818 0.454545 0.141927 0.146628
0 0.701172 0.615836 0.097656 0.126100
0 0.724609 0.531525 0.076823 0.074780
0 0.790365 0.670088 0.091146 0.111437
0 0.802083 0.748534 0.098958 0.118768
0 0.885417 0.782991 0.093750 0.111437
0 0.720703 0.759531 0.092448 0.090909
0 0.505859 0.663490 0.126302 0.168622
0 0.490885 0.483871 0.080729 0.102639
0 0.316406 0.519062 0.078125 0.085044
0 0.377604 0.540323 0.080729 0.068915
0 0.317057 0.769062 0.084635 0.107038
0 0.393880 0.800587 0.134115 0.155425
0 0.284505 0.932551 0.139323 0.134897
0 0.102865 0.851173 0.130208 0.121701
0 0.105469 0.736804 0.117188 0.115836
0 0.110677 0.556452 0.104167 0.121701
0 0.649740 0.766129 0.091146 0.115836
0 0.731120 0.934018 0.105469 0.131965
0 0.753906 0.810850 0.088542 0.090909
0 0.453125 0.895161 0.114583 0.139296
