0 0.708944 0.176432 0.121701 0.118490
0 0.754399 0.319010 0.112903 0.088542
0 0.654692 0.401042 0.115836 0.093750
0 0.565249 0.335938 0.092375 0.119792
0 0.612170 0.593099 0.109971 0.100260
0 0.579912 0.675781 0.098240 0.091146
0 0.743402 0.635417 0.090909 0.106771
0 0.879765 0.516927 0.099707 0.093750
0 0.884164 0.422526 0.099707 0.082031
0 0.807185 0.473307 0.077713 0.084635
0 0.935484 0.604167 0.061584 0.065104
0 0.947214 0.444661 0.076246 0.076823
0 0.915689 0.045573 0.109971 0.088542
0 0.899560 0.686849 0.083578 0.069010
0 0.910557 0.748047 0.085044 0.071615
0 0.898827 0.800130 0.070381 0.074219
0 0.949413 0.833984 0.092375 0.087240
0 0.958211 0.872396 0.077713 0.080729
0 0.966276 0.932292 0.064516 0.072917
0 0.830645 0.906901 0.086510 0.084635
0 0.765396 0.903646 0.082111 0.096354
0 0.791789 0.785156 0.087977 0.080729
0 0.834311 0.647786 0.096774 0.084635
0 0.665689 0.746094 0.076246 0.070312
0 0.673021 0.805339 0.070381 0.084635
0 0.612170 0.893880 0.077713 0.058594
0 0.543988 0.955729 0.079179 0.070312
0 0.482405 0.824219 0.105572 0.101562
0 0.427419 0.695312 0.083578 0.083333
0 0.380499 0.775391 0.074780 0.074219
0 0.300587 0.478516 0.087977 0.079427
0 0.264663 0.376302 0.101173 0.091146
0 0.167889 0.180339 0.109971 0.102865
0 0.271261 0.229167 0.096774 0.091146
0 0.203812 0.499349 0.087977 0.089844
0 0.059384 0.578125 0.089443 0.083333
0 0.100440 0.668620 0.083578 0.074219
0 0.149560 0.673177 0.079179 0.078125
0 0.199413 0.801432 0.061584 0.066406
0 0.298387 0.896484 0.068915 0.095052
0 0.310850 0.809245 0.073314 0.066406
0 0.430352 0.964844 0.080645 0.070312
0 0.532258 0.160807 0.076246 0.089844
0 0.409824 0.184245 0.107038 0.082031
0 0.197947 0.373698 0.070381 0.080729
0 0.065982 0.343099 0.087977 0.097656
0 0.307185 0.520182 0.089443 0.076823
0 0.032258 0.770182 0.064516 0.055990
0 0.026393 0.835938 0.052786 0.062500
0 0.076246 0.920573 0.093842 0.083333
