0 0.545573 0.920821 0.130208 0.129032
0 0.632812 0.723607 0.093750 0.098240
0 0.508464 0.751466 0.108073 0.118768
0 0.507161 0.807918 0.097656 0.096774
0 0.242839 0.646628 0.079427 0.099707
0 0.153646 0.626833 0.098958 0.124633
0 0.107422 0.837977 0.076823 0.080645
0 0.164062 0.752199 0.085938 0.111437
0 0.322917 0.606305 0.062500 0.063050
0 0.535807 0.531525 0.071615 0.080645
0 0.475911 0.524194 0.063802 0.065982
0 0.423828 0.446481 0.069010 0.074780
0 0.500000 0.409091 0.078125 0.082111
0 0.395833 0.374633 0.085938 0.083578
0 0.308594 0.528592 0.080729 0.077713
0 0.249349 0.519795 0.058594 0.068915
0 0.214844 0.505865 0.054688 0.079179
0 0.654297 0.351173 0.076823 0.080645
0 0.721354 0.418622 0.083333 0.086510
0 0.812500 0.468475 0.072917 0.086510
0 0.544271 0.251466 0.080729 0.083578
0 0.413411 0.256598 0.082031 0.087977
0 0.341797 0.296188 0.069010 0.082111
0 0.245443 0.377566 0.092448 0.101173
0 0.381510 0.101906 0.101562 0.115836
0 0.442057 0.098240 0.071615 0.087977
0 0.613932 0.086510 0.084635 0.093842
0 0.664062 0.101173 0.067708 0.058651
0 0.955729 0.110704 0.070312 0.080645
0 0.918620 0.036657 0.082031 0.073314
0 0.863281 0.079179 0.085938 0.096774
0 0.817057 0.280059 0.069010 0.082111
0 0.915365 0.304985 0.059896 0.070381
0 0.772135 0.356305 0.072917 0.067449
0 0.751953 0.302786 0.050781 0.051320
0 0.652995 0.270528 0.084635 0.086510
0 0.448568 0.025660 0.066406 0.051320
0 0.375651 0.030792 0.082031 0.061584
0 0.078776 0.050587 0.118490 0.101173
0 0.303385 0.217009 0.083333 0.079179
0 0.225260 0.142229 0.088542 0.090909
0 0.248698 0.214076 0.070312 0.061584
0 0.087891 0.637097 0.076823 0.086510
0 0.845052 0.715543 0.072917 0.067449
0 0.075521 0.214076 0.072917 0.076246
0 0.203125 0.055718 0.062500 0.055718
0 0.156250 0.133431 0.067708 0.055718
0 0.569661 0.181085 0.084635 0.083578
0 0.661458 0.182551 0.109375 0.086510
0 0.931641 0.780792 0.074219 0.083578
