0 0.859375 0.902493 0.085938 0.104106
0 0.662760 0.931085 0.111979 0.134897
0 0.879557 0.824047 0.082031 0.067449
0 0.701823 0.791056 0.072917 0.068915
0 0.924479 0.849707 0.059896 0.065982
0 0.972005 0.873900 0.053385 0.046921
0 0.979818 0.968475 0.037760 0.060117
0 0.483073 0.833578 0.096354 0.121701
0 0.473958 0.939883 0.083333 0.105572
0 0.386068 0.854839 0.066406 0.076246
0 0.369792 0.760264 0.091146 0.092375
0 0.529297 0.853372 0.105469 0.129032
0 0.280599 0.905425 0.074219 0.086510
0 0.277344 0.819648 0.088542 0.085044
0 0.166667 0.920088 0.049479 0.065982
0 0.272135 0.516129 0.091146 0.114370
0 0.188802 0.438416 0.096354 0.108504
0 0.569010 0.675953 0.072917 0.087977
0 0.582031 0.605572 0.091146 0.090909
0 0.967448 0.806452 0.062500 0.105572
0 0.860026 0.765396 0.069010 0.073314
0 0.958984 0.570381 0.079427 0.111437
0 0.902344 0.553519 0.075521 0.077713
0 0.628255 0.710411 0.087240 0.101173
0 0.539714 0.730205 0.095052 0.070381
0 0.461589 0.630499 0.063802 0.073314
0 0.256510 0.710411 0.093750 0.118768
0 0.143229 0.805718 0.054688 0.071848
0 0.160156 0.637097 0.080729 0.095308
0 0.322917 0.619501 0.080729 0.089443
0 0.466797 0.566716 0.066406 0.080645
0 0.432292 0.480205 0.085938 0.089443
0 0.656901 0.442082 0.079427 0.092375
0 0.565104 0.508065 0.078125 0.086510
0 0.651693 0.535191 0.079427 0.087977
0 0.825521 0.475073 0.062500 0.073314
0 0.382812 0.523460 0.057292 0.102639
0 0.307292 0.372434 0.083333 0.093842
0 0.392578 0.379765 0.089844 0.102639
0 0.481120 0.406158 0.095052 0.102639
0 0.567708 0.288123 0.080729 0.068915
0 0.451823 0.206012 0.088542 0.098240
0 0.322917 0.226540 0.096354 0.086510
0 0.223958 0.189150 0.072917 0.090909
0 0.128906 0.115836 0.083333 0.082111
0 0.061198 0.280792 0.054688 0.068915
0 0.252604 0.055718 0.085938 0.087977
0 0.152995 0.049853 0.095052 0.085044
0 0.064453 0.035924 0.097656 0.071848
0 0.513021 0.066716 0.085938 0.077713
0 0.676432 0.090176 0.084635 0.080645
0 0.718750 0.145161 0.080729 0.070381
0 0.705078 0.230205 0.066406 0.067449
0 0.837240 0.266129 0.067708 0.065982
0 0.755208 0.280059 0.059896 0.064516
0 0.847656 0.063050 0.065104 0.070381
0 0.534505 0.188416 0.063802 0.101173
0 0.383464 0.027126 0.058594 0.054252
0 0.325521 0.036657 0.065104 0.073314
0 0.776693 0.359238 0.074219 0.073314
