0 0.140625 0.097507 0.085938 0.104106
0 0.337240 0.068915 0.111979 0.134897
0 0.120443 0.175953 0.082031 0.067449
0 0.298177 0.208944 0.072917 0.068915
0 0.075521 0.150293 0.059896 0.065982
0 0.027995 0.126100 0.053385 0.046921
0 0.020182 0.031525 0.037760 0.060117
0 0.516927 0.166422 0.096354 0.121701
0 0.526042 0.060117 0.083333 0.105572
0 0.613932 0.145161 0.066406 0.076246
0 0.630208 0.239736 0.091146 0.092375
0 0.470703 0.146628 0.105469 0.129032
0 0.719401 0.094575 0.074219 0.086510
0 0.722656 0.180352 0.088542 0.085044
0 0.833333 0.079912 0.049479 0.065982
0 0.727865 0.483871 0.091146 0.114370
0 0.811198 0.561584 0.096354 0.108504
0 0.430990 0.324047 0.072917 0.087977
0 0.417969 0.394428 0.091146 0.090909
0 0.032552 0.193548 0.062500 0.105572
0 0.139974 0.234604 0.069010 0.073314
0 0.041016 0.429619 0.079427 0.111437
0 0.097656 0.446481 0.075521 0.077713
0 0.371745 0.289589 0.087240 0.101173
0 0.460286 0.269795 0.095052 0.070381
0 0.538411 0.369501 0.063802 0.073314
0 0.743490 0.289589 0.093750 0.118768
0 0.856771 0.194282 0.054688 0.071848
0 0.839844 0.362903 0.080729 0.095308
0 0.677083 0.380499 0.080729 0.089443
0 0.533203 0.433284 0.066406 0.080645
0 0.567708 0.519795 0.085938 0.089443
0 0.343099 0.557918 0.079427 0.092375
0 0.434896 0.491935 0.078125 0.086510
0 0.348307 0.464809 0.079427 0.087977
0 0.174479 0.524927 0.062500 0.073314
0 0.617188 0.476540 0.057292 0.102639
0 0.692708 0.627566 0.083333 0.093842
0 0.607422 0.620235 0.089844 0.102639
0 0.518880 0.593842 0.095052 0.102639
0 0.432292 0.711877 0.080729 0.068915
0 0.548177 0.793988 0.088542 0.098240
0 0.677083 0.773460 0.096354 0.086510
0 0.776042 0.810850 0.072917 0.090909
0 0.871094 0.884164 0.083333 0.082111
0 0.938802 0.719208 0.054688 0.068915
0 0.747396 0.944282 0.085938 0.087977
0 0.847005 0.950147 0.095052 0.085044
0 0.935547 0.964076 0.097656 0.071848
0 0.486979 0.933284 0.085938 0.077713
0 0.323568 0.909824 0.084635 0.080645
0 0.281250 0.854839 0.080729 0.070381
0 0.294922 0.769795 0.066406 0.067449
0 0.162760 0.733871 0.067708 0.065982
0 0.244792 0.719941 0.059896 0.064516
0 0.152344 0.936950 0.065104 0.070381
0 0.465495 0.811584 0.063802 0.101173
0 0.616536 0.972874 0.058594 0.054252
0 0.674479 0.963343 0.065104 0.073314
0 0.223307 0.640762 0.074219 0.073314
