1 0.698437 0.540417 0.060417 0.087500
1 0.348958 0.802500 0.066667 0.095000
1 0.360677 0.223750 0.099479 0.152500
1 0.293229 0.228750 0.052083 0.089167
1 0.319531 0.535000 0.116146 0.166667
1 0.512240 0.769583 0.086979 0.129167
1 0.553385 0.226250 0.042188 0.059167
1 0.506250 0.523333 0.040625 0.065000
1 0.707031 0.864167 0.019271 0.030000
1 0.682812 0.859167 0.014583 0.025000
1 0.661979 0.855000 0.019792 0.036667
1 0.636979 0.854167 0.020833 0.036667
1 0.609375 0.852500 0.021875 0.031667
1 0.712760 0.812917 0.016146 0.027500
1 0.687760 0.813750 0.015104 0.020833
1 0.668229 0.815417 0.016667 0.025833
1 0.641406 0.812083 0.018229 0.029167
1 0.612760 0.814167 0.018229 0.025000
1 0.719531 0.768333 0.015104 0.028333
0 0.362760 0.694583 0.068229 0.089167
0 0.394792 0.812083 0.042708 0.057500
0 0.342969 0.864583 0.043229 0.042500
0 0.296615 0.852917 0.049479 0.072500
