1 0.459583 0.698437 0.087500 0.060417
1 0.197500 0.348958 0.095000 0.066667
1 0.776250 0.360677 0.152500 0.099479
1 0.771250 0.293229 0.089167 0.052083
1 0.465000 0.319531 0.166667 0.116146
1 0.230417 0.512240 0.129167 0.086979
1 0.773750 0.553385 0.059167 0.042188
1 0.476667 0.506250 0.065000 0.040625
1 0.135833 0.707031 0.030000 0.019271
1 0.140833 0.682812 0.025000 0.014583
1 0.145000 0.661979 0.036667 0.019792
1 0.145833 0.636979 0.036667 0.020833
1 0.147500 0.609375 0.031667 0.021875
1 0.187083 0.712760 0.027500 0.016146
1 0.186250 0.687760 0.020833 0.015104
1 0.184583 0.668229 0.025833 0.016667
1 0.187917 0.641406 0.029167 0.018229
1 0.185833 0.612760 0.025000 0.018229
1 0.231667 0.719531 0.028333 0.015104
0 0.305417 0.362760 0.089167 0.068229
0 0.187917 0.394792 0.057500 0.042708
0 0.135417 0.342969 0.042500 0.043229
0 0.147083 0.296615 0.072500 0.049479
