1 0.495312 0.485833 0.097917 0.150000
1 0.345313 0.490417 0.079167 0.102500
1 0.491146 0.752500 0.079167 0.116667
1 0.325521 0.764167 0.067708 0.116667
1 0.665365 0.240833 0.064062 0.115000
1 0.484115 0.196667 0.103646 0.143333
1 0.649740 0.447917 0.070312 0.107500
1 0.332813 0.214583 0.057292 0.097500
0 0.292708 0.537500 0.043750 0.063333
0 0.483594 0.670000 0.064062 0.088333
0 0.368750 0.302083 0.031250 0.052500
0 0.336979 0.292500 0.038542 0.053333
0 0.272135 0.279583 0.054688 0.092500
1 0.650521 0.552083 0.067708 0.090833
0 0.450000 0.823333 0.065625 0.100000
