1 0.485833 0.504688 0.150000 0.097917
1 0.490417 0.654687 0.102500 0.079167
1 0.752500 0.508854 0.116667 0.079167
1 0.764167 0.674479 0.116667 0.067708
1 0.240833 0.334635 0.115000 0.064062
1 0.196667 0.515885 0.143333 0.103646
1 0.447917 0.350260 0.107500 0.070312
1 0.214583 0.667187 0.097500 0.057292
0 0.537500 0.707292 0.063333 0.043750
0 0.670000 0.516406 0.088333 0.064062
0 0.302083 0.631250 0.052500 0.031250
0 0.292500 0.663021 0.053333 0.038542
0 0.279583 0.727865 0.092500 0.054688
1 0.552083 0.349479 0.090833 0.067708
0 0.823333 0.550000 0.100000 0.065625
