1 0.504688 0.514167 0.097917 0.150000
1 0.654687 0.509583 0.079167 0.102500
1 0.508854 0.247500 0.079167 0.116667
1 0.674479 0.235833 0.067708 0.116667
1 0.334635 0.759167 0.064062 0.115000
1 0.515885 0.803333 0.103646 0.143333
1 0.350260 0.552083 0.070312 0.107500
1 0.667187 0.785417 0.057292 0.097500
0 0.707292 0.462500 0.043750 0.063333
0 0.516406 0.330000 0.064062 0.088333
0 0.631250 0.697917 0.031250 0.052500
0 0.663021 0.707500 0.038542 0.053333
0 0.727865 0.720417 0.054688 0.092500
1 0.349479 0.447917 0.067708 0.090833
0 0.550000 0.176667 0.065625 0.100000
