0 0.295455 0.691406 0.148094 0.127604
0 0.357038 0.800130 0.165689 0.118490
0 0.243402 0.862630 0.117302 0.115885
0 0.190616 0.811849 0.087977 0.110677
0 0.088710 0.651693 0.101173 0.102865
0 0.277859 0.584635 0.109971 0.122396
0 0.376100 0.550130 0.118768 0.126302
0 0.445748 0.437500 0.126100 0.148438
0 0.153226 0.329427 0.077713 0.114583
0 0.227273 0.270833 0.087977 0.106771
0 0.053519 0.227865 0.092375 0.101562
0 0.092375 0.139974 0.105572 0.110677
0 0.107771 0.034505 0.083578 0.069010
0 0.054985 0.588542 0.104106 0.088542
0 0.153226 0.530599 0.115836 0.102865
0 0.476540 0.908854 0.082111 0.093750
0 0.489736 0.572266 0.143695 0.136719
0 0.461144 0.717448 0.095308 0.114583
0 0.414223 0.317708 0.095308 0.104167
0 0.611437 0.932292 0.067449 0.104167
0 0.707478 0.210286 0.171554 0.154948
0 0.766129 0.119141 0.124633 0.118490
0 0.571114 0.628906 0.104106 0.096354
0 0.695015 0.567708 0.129032 0.117188
0 0.590909 0.048828 0.131965 0.097656
0 0.369501 0.208333 0.102639 0.106771
0 0.263930 0.144531 0.085044 0.114583
0 0.365836 0.082031 0.104106 0.109375
0 0.434018 0.141927 0.090909 0.098958
0 0.923754 0.593099 0.079179 0.079427
