0 0.670573 0.894428 0.106771 0.114370
0 0.929036 0.915689 0.095052 0.118768
0 0.644531 0.778592 0.106771 0.120235
0 0.383464 0.859971 0.069010 0.095308
0 0.501302 0.785924 0.106771 0.120235
0 0.302734 0.766129 0.069010 0.077713
0 0.201172 0.756598 0.082031 0.096774
0 0.149089 0.788856 0.084635 0.090909
0 0.238932 0.653226 0.095052 0.107038
0 0.698568 0.608504 0.076823 0.117302
0 0.876302 0.555718 0.080729 0.102639
0 0.776693 0.481672 0.097656 0.101173
0 0.686198 0.406891 0.078125 0.095308
0 0.574870 0.392962 0.089844 0.096774
0 0.790365 0.331378 0.091146 0.111437
0 0.829427 0.398094 0.088542 0.098240
0 0.938151 0.538856 0.084635 0.098240
0 0.858073 0.208211 0.091146 0.108504
0 0.680339 0.152493 0.113281 0.117302
0 0.602865 0.112170 0.098958 0.109971
0 0.707031 0.222874 0.083333 0.079179
0 0.663411 0.269062 0.069010 0.063050
0 0.486979 0.235337 0.080729 0.083578
0 0.307943 0.289589 0.084635 0.092375
0 0.244792 0.383431 0.101562 0.095308
0 0.212240 0.274927 0.106771 0.092375
0 0.169271 0.179619 0.117188 0.145161
0 0.061849 0.060117 0.123698 0.120235
0 0.279297 0.032991 0.089844 0.065982
0 0.474609 0.043255 0.066406 0.071848
0 0.414062 0.037390 0.085938 0.074780
0 0.667318 0.494135 0.074219 0.073314
0 0.770182 0.038856 0.087240 0.077713
0 0.610677 0.690616 0.101562 0.096774
0 0.045573 0.895161 0.091146 0.127566
0 0.958984 0.439150 0.079427 0.095308
