0 0.105572 0.670573 0.114370 0.106771
0 0.084311 0.929036 0.118768 0.095052
0 0.221408 0.644531 0.120235 0.106771
0 0.140029 0.383464 0.095308 0.069010
0 0.214076 0.501302 0.120235 0.106771
0 0.233871 0.302734 0.077713 0.069010
0 0.243402 0.201172 0.096774 0.082031
0 0.211144 0.149089 0.090909 0.084635
0 0.346774 0.238932 0.107038 0.095052
0 0.391496 0.698568 0.117302 0.076823
0 0.444282 0.876302 0.102639 0.080729
0 0.518328 0.776693 0.101173 0.097656
0 0.593109 0.686198 0.095308 0.078125
0 0.607038 0.574870 0.096774 0.089844
0 0.668622 0.790365 0.111437 0.091146
0 0.601906 0.829427 0.098240 0.088542
0 0.461144 0.938151 0.098240 0.084635
0 0.791789 0.858073 0.108504 0.091146
0 0.847507 0.680339 0.117302 0.113281
0 0.887830 0.602865 0.109971 0.098958
0 0.777126 0.707031 0.079179 0.083333
0 0.730938 0.663411 0.063050 0.069010
0 0.764663 0.486979 0.083578 0.080729
0 0.710411 0.307943 0.092375 0.084635
0 0.616569 0.244792 0.095308 0.101562
0 0.725073 0.212240 0.092375 0.106771
0 0.820381 0.169271 0.145161 0.117188
0 0.939883 0.061849 0.120235 0.123698
0 0.967009 0.279297 0.065982 0.089844
0 0.956745 0.474609 0.071848 0.066406
0 0.962610 0.414062 0.074780 0.085938
0 0.505865 0.667318 0.073314 0.074219
0 0.961144 0.770182 0.077713 0.087240
0 0.309384 0.610677 0.096774 0.101562
0 0.104839 0.045573 0.127566 0.091146
0 0.560850 0.958984 0.095308 0.079427
