0 0.894428 0.329427 0.114370 0.106771
0 0.915689 0.070964 0.118768 0.095052
0 0.778592 0.355469 0.120235 0.106771
0 0.859971 0.616536 0.095308 0.069010
0 0.785924 0.498698 0.120235 0.106771
0 0.766129 0.697266 0.077713 0.069010
0 0.756598 0.798828 0.096774 0.082031
0 0.788856 0.850911 0.090909 0.084635
0 0.653226 0.761068 0.107038 0.095052
0 0.608504 0.301432 0.117302 0.076823
0 0.555718 0.123698 0.102639 0.080729
0 0.481672 0.223307 0.101173 0.097656
0 0.406891 0.313802 0.095308 0.078125
0 0.392962 0.425130 0.096774 0.089844
0 0.331378 0.209635 0.111437 0.091146
0 0.398094 0.170573 0.098240 0.088542
0 0.538856 0.061849 0.098240 0.084635
0 0.208211 0.141927 0.108504 0.091146
0 0.152493 0.319661 0.117302 0.113281
0 0.112170 0.397135 0.109971 0.098958
0 0.222874 0.292969 0.079179 0.083333
0 0.269062 0.336589 0.063050 0.069010
0 0.235337 0.513021 0.083578 0.080729
0 0.289589 0.692057 0.092375 0.084635
0 0.383431 0.755208 0.095308 0.101562
0 0.274927 0.787760 0.092375 0.106771
0 0.179619 0.830729 0.145161 0.117188
0 0.060117 0.938151 0.120235 0.123698
0 0.032991 0.720703 0.065982 0.089844
0 0.043255 0.525391 0.071848 0.066406
0 0.037390 0.585938 0.074780 0.085938
0 0.494135 0.332682 0.073314 0.074219
0 0.038856 0.229818 0.077713 0.087240
0 0.690616 0.389323 0.096774 0.101562
0 0.895161 0.954427 0.127566 0.091146
0 0.439150 0.041016 0.095308 0.079427
