0 0.513930 0.430990 0.107038 0.114583
0 0.654692 0.401042 0.089443 0.096354
0 0.659824 0.757812 0.108504 0.130208
0 0.273460 0.453776 0.142229 0.110677
0 0.222141 0.571615 0.156891 0.138021
0 0.171554 0.945312 0.146628 0.109375
0 0.423754 0.883464 0.102639 0.095052
0 0.525660 0.821615 0.115836 0.125000
0 0.395161 0.738281 0.095308 0.114583
0 0.166422 0.121745 0.162757 0.186198
0 0.426686 0.186849 0.085044 0.115885
0 0.938416 0.712240 0.093842 0.078125
0 0.861437 0.905599 0.139296 0.105469
0 0.206745 0.828776 0.090909 0.092448
0 0.343842 0.201172 0.092375 0.141927
0 0.500000 0.307943 0.102639 0.115885
