0 0.569010 0.513930 0.114583 0.107038
0 0.598958 0.654692 0.096354 0.089443
0 0.242188 0.659824 0.130208 0.108504
0 0.546224 0.273460 0.110677 0.142229
0 0.428385 0.222141 0.138021 0.156891
0 0.054688 0.171554 0.109375 0.146628
0 0.116536 0.423754 0.095052 0.102639
0 0.178385 0.525660 0.125000 0.115836
0 0.261719 0.395161 0.114583 0.095308
0 0.878255 0.166422 0.186198 0.162757
0 0.813151 0.426686 0.115885 0.085044
0 0.287760 0.938416 0.078125 0.093842
0 0.094401 0.861437 0.105469 0.139296
0 0.171224 0.206745 0.092448 0.090909
0 0.798828 0.343842 0.141927 0.092375
0 0.692057 0.500000 0.115885 0.102639
