0 0.430990 0.486070 0.114583 0.107038
0 0.401042 0.345308 0.096354 0.089443
0 0.757812 0.340176 0.130208 0.108504
0 0.453776 0.726540 0.110677 0.142229
0 0.571615 0.777859 0.138021 0.156891
0 0.945312 0.828446 0.109375 0.146628
0 0.883464 0.576246 0.095052 0.102639
0 0.821615 0.474340 0.125000 0.115836
0 0.738281 0.604839 0.114583 0.095308
0 0.121745 0.833578 0.186198 0.162757
0 0.186849 0.573314 0.115885 0.085044
0 0.712240 0.061584 0.078125 0.093842
0 0.905599 0.138563 0.105469 0.139296
0 0.828776 0.793255 0.092448 0.090909
0 0.201172 0.656158 0.141927 0.092375
0 0.307943 0.500000 0.115885 0.102639
