0 0.888563 0.173177 0.085044 0.096354
0 0.841642 0.096354 0.087977 0.070312
0 0.565249 0.074219 0.083578 0.091146
0 0.869501 0.625651 0.093842 0.082031
0 0.835777 0.680339 0.087977 0.087240
0 0.939150 0.764323 0.086510 0.075521
0 0.820381 0.765625 0.074780 0.088542
0 0.734604 0.891927 0.067449 0.080729
0 0.774194 0.968099 0.090909 0.063802
0 0.522727 0.545573 0.068915 0.085938
0 0.725073 0.703776 0.086510 0.079427
0 0.542522 0.862630 0.087977 0.079427
0 0.618035 0.911458 0.083578 0.080729
0 0.459677 0.734375 0.086510 0.098958
0 0.473607 0.625651 0.052786 0.058594
0 0.656891 0.451823 0.049853 0.049479
0 0.316716 0.638021 0.070381 0.075521
0 0.074780 0.577474 0.149560 0.126302
0 0.112170 0.670573 0.107038 0.119792
0 0.875367 0.942708 0.055718 0.065104
0 0.809384 0.856771 0.070381 0.059896
