0 0.826823 0.888563 0.096354 0.085044
0 0.903646 0.841642 0.070312 0.087977
0 0.925781 0.565249 0.091146 0.083578
0 0.374349 0.869501 0.082031 0.093842
0 0.319661 0.835777 0.087240 0.087977
0 0.235677 0.939150 0.075521 0.086510
0 0.234375 0.820381 0.088542 0.074780
0 0.108073 0.734604 0.080729 0.067449
0 0.031901 0.774194 0.063802 0.090909
0 0.454427 0.522727 0.085938 0.068915
0 0.296224 0.725073 0.079427 0.086510
0 0.137370 0.542522 0.079427 0.087977
0 0.088542 0.618035 0.080729 0.083578
0 0.265625 0.459677 0.098958 0.086510
0 0.374349 0.473607 0.058594 0.052786
0 0.548177 0.656891 0.049479 0.049853
0 0.361979 0.316716 0.075521 0.070381
0 0.422526 0.074780 0.126302 0.149560
0 0.329427 0.112170 0.119792 0.107038
0 0.057292 0.875367 0.065104 0.055718
0 0.143229 0.809384 0.059896 0.070381
