0 0.945748 0.320312 0.105572 0.114583
0 0.887097 0.465495 0.105572 0.095052
0 0.794721 0.449219 0.126100 0.111979
0 0.725806 0.434896 0.093842 0.083333
0 0.898827 0.639323 0.114370 0.096354
0 0.766862 0.624349 0.073314 0.082031
0 0.797654 0.723958 0.096774 0.088542
0 0.689883 0.828125 0.107038 0.088542
0 0.918622 0.952474 0.112903 0.095052
0 0.791056 0.958333 0.101173 0.083333
0 0.950880 0.776042 0.092375 0.096354
0 0.817449 0.231771 0.080645 0.093750
0 0.472874 0.180990 0.089443 0.098958
0 0.359971 0.119792 0.118768 0.114583
0 0.374633 0.037109 0.112903 0.071615
0 0.464809 0.078125 0.087977 0.078125
0 0.595308 0.309896 0.079179 0.075521
0 0.527126 0.326172 0.080645 0.082031
0 0.491202 0.281250 0.090909 0.083333
0 0.519795 0.426432 0.095308 0.087240
0 0.645161 0.420573 0.090909 0.072917
0 0.609238 0.498698 0.107038 0.088542
0 0.675220 0.516276 0.089443 0.076823
0 0.489003 0.548177 0.092375 0.088542
0 0.406891 0.670573 0.109971 0.093750
0 0.615836 0.899740 0.117302 0.091146
0 0.568915 0.958333 0.096774 0.078125
0 0.512463 0.897135 0.124633 0.111979
0 0.416422 0.850260 0.117302 0.101562
0 0.379032 0.893880 0.089443 0.102865
0 0.236804 0.859375 0.095308 0.075521
0 0.162757 0.826823 0.111437 0.098958
0 0.345308 0.253255 0.077713 0.097656
0 0.248534 0.310547 0.139296 0.118490
0 0.138563 0.147786 0.139296 0.110677
0 0.086510 0.387370 0.096774 0.102865
0 0.212610 0.487630 0.096774 0.071615
0 0.066716 0.935547 0.133431 0.118490
0 0.102639 0.635417 0.111437 0.119792
0 0.047654 0.072917 0.095308 0.104167
0 0.129765 0.304036 0.086510 0.097656
0 0.298387 0.604167 0.077713 0.067708
0 0.601906 0.078776 0.101173 0.087240
0 0.601173 0.041016 0.076246 0.079427
0 0.631965 0.678385 0.093842 0.104167
0 0.868768 0.881510 0.092375 0.078125
0 0.093842 0.782552 0.082111 0.083333
0 0.238270 0.169922 0.080645 0.082031
0 0.289589 0.210286 0.095308 0.084635
0 0.310850 0.042318 0.085044 0.082031
0 0.202346 0.038411 0.099707 0.074219
