0 0.054252 0.679688 0.105572 0.114583
0 0.112903 0.534505 0.105572 0.095052
0 0.205279 0.550781 0.126100 0.111979
0 0.274194 0.565104 0.093842 0.083333
0 0.101173 0.360677 0.114370 0.096354
0 0.233138 0.375651 0.073314 0.082031
0 0.202346 0.276042 0.096774 0.088542
0 0.310117 0.171875 0.107038 0.088542
0 0.081378 0.047526 0.112903 0.095052
0 0.208944 0.041667 0.101173 0.083333
0 0.049120 0.223958 0.092375 0.096354
0 0.182551 0.768229 0.080645 0.093750
0 0.527126 0.819010 0.089443 0.098958
0 0.640029 0.880208 0.118768 0.114583
0 0.625367 0.962891 0.112903 0.071615
0 0.535191 0.921875 0.087977 0.078125
0 0.404692 0.690104 0.079179 0.075521
0 0.472874 0.673828 0.080645 0.082031
0 0.508798 0.718750 0.090909 0.083333
0 0.480205 0.573568 0.095308 0.087240
0 0.354839 0.579427 0.090909 0.072917
0 0.390762 0.501302 0.107038 0.088542
0 0.324780 0.483724 0.089443 0.076823
0 0.510997 0.451823 0.092375 0.088542
0 0.593109 0.329427 0.109971 0.093750
0 0.384164 0.100260 0.117302 0.091146
0 0.431085 0.041667 0.096774 0.078125
0 0.487537 0.102865 0.124633 0.111979
0 0.583578 0.149740 0.117302 0.101562
0 0.620968 0.106120 0.089443 0.102865
0 0.763196 0.140625 0.095308 0.075521
0 0.837243 0.173177 0.111437 0.098958
0 0.654692 0.746745 0.077713 0.097656
0 0.751466 0.689453 0.139296 0.118490
0 0.861437 0.852214 0.139296 0.110677
0 0.913490 0.612630 0.096774 0.102865
0 0.787390 0.512370 0.096774 0.071615
0 0.933284 0.064453 0.133431 0.118490
0 0.897361 0.364583 0.111437 0.119792
0 0.952346 0.927083 0.095308 0.104167
0 0.870235 0.695964 0.086510 0.097656
0 0.701613 0.395833 0.077713 0.067708
0 0.398094 0.921224 0.101173 0.087240
0 0.398827 0.958984 0.076246 0.079427
0 0.368035 0.321615 0.093842 0.104167
0 0.131232 0.118490 0.092375 0.078125
0 0.906158 0.217448 0.082111 0.083333
0 0.761730 0.830078 0.080645 0.082031
0 0.710411 0.789714 0.095308 0.084635
0 0.689150 0.957682 0.085044 0.082031
0 0.797654 0.961589 0.099707 0.074219
