0 0.679688 0.945748 0.114583 0.105572
0 0.534505 0.887097 0.095052 0.105572
0 0.550781 0.794721 0.111979 0.126100
0 0.565104 0.725806 0.083333 0.093842
0 0.360677 0.898827 0.096354 0.114370
0 0.375651 0.766862 0.082031 0.073314
0 0.276042 0.797654 0.088542 0.096774
0 0.171875 0.689883 0.088542 0.107038
0 0.047526 0.918622 0.095052 0.112903
0 0.041667 0.791056 0.083333 0.101173
0 0.223958 0.950880 0.096354 0.092375
0 0.768229 0.817449 0.093750 0.080645
0 0.819010 0.472874 0.098958 0.089443
0 0.880208 0.359971 0.114583 0.118768
0 0.962891 0.374633 0.071615 0.112903
0 0.921875 0.464809 0.078125 0.087977
0 0.690104 0.595308 0.075521 0.079179
0 0.673828 0.527126 0.082031 0.080645
0 0.718750 0.491202 0.083333 0.090909
0 0.573568 0.519795 0.087240 0.095308
0 0.579427 0.645161 0.072917 0.090909
0 0.501302 0.609238 0.088542 0.107038
0 0.483724 0.675220 0.076823 0.089443
0 0.451823 0.489003 0.088542 0.092375
0 0.329427 0.406891 0.093750 0.109971
0 0.100260 0.615836 0.091146 0.117302
0 0.041667 0.568915 0.078125 0.096774
0 0.102865 0.512463 0.111979 0.124633
0 0.149740 0.416422 0.101562 0.117302
0 0.106120 0.379032 0.102865 0.089443
0 0.140625 0.236804 0.075521 0.095308
0 0.173177 0.162757 0.098958 0.111437
0 0.746745 0.345308 0.097656 0.077713
0 0.689453 0.248534 0.118490 0.139296
0 0.852214 0.138563 0.110677 0.139296
0 0.612630 0.086510 0.102865 0.096774
0 0.512370 0.212610 0.071615 0.096774
0 0.064453 0.066716 0.118490 0.133431
0 0.364583 0.102639 0.119792 0.111437
0 0.927083 0.047654 0.104167 0.095308
0 0.695964 0.129765 0.097656 0.086510
0 0.395833 0.298387 0.067708 0.077713
0 0.921224 0.601906 0.087240 0.101173
0 0.958984 0.601173 0.079427 0.076246
0 0.321615 0.631965 0.104167 0.093842
0 0.118490 0.868768 0.078125 0.092375
0 0.217448 0.093842 0.083333 0.082111
0 0.830078 0.238270 0.082031 0.080645
0 0.789714 0.289589 0.084635 0.095308
0 0.957682 0.310850 0.082031 0.085044
0 0.961589 0.202346 0.074219 0.099707
