0 0.109238 0.890625 0.101173 0.109375
0 0.217009 0.955729 0.102639 0.085938
0 0.197947 0.801432 0.085044 0.087240
0 0.137830 0.707682 0.085044 0.074219
0 0.233871 0.641927 0.080645 0.080729
0 0.063050 0.549479 0.090909 0.093750
0 0.123167 0.490885 0.096774 0.080729
0 0.137830 0.081380 0.126100 0.115885
0 0.261730 0.149740 0.118768 0.111979
0 0.317449 0.527344 0.048387 0.052083
0 0.391496 0.494141 0.073314 0.071615
0 0.302053 0.933594 0.093842 0.109375
0 0.048387 0.851562 0.093842 0.104167
0 0.052053 0.381510 0.095308 0.093750
0 0.038856 0.052083 0.074780 0.093750
0 0.541789 0.642578 0.095308 0.089844
0 0.551320 0.809896 0.070381 0.075521
0 0.479472 0.910156 0.085044 0.078125
0 0.692082 0.672526 0.076246 0.063802
0 0.753666 0.752604 0.085044 0.083333
0 0.749267 0.517578 0.073314 0.082031
0 0.851173 0.587891 0.071848 0.079427
0 0.834311 0.416016 0.105572 0.082031
0 0.662757 0.279948 0.087977 0.098958
0 0.563783 0.147786 0.109971 0.113281
0 0.774927 0.175130 0.083578 0.087240
0 0.771261 0.932943 0.079179 0.089844
0 0.931818 0.333984 0.060117 0.089844
0 0.947947 0.252604 0.086510 0.083333
0 0.887097 0.138021 0.108504 0.093750
0 0.428886 0.167318 0.089443 0.110677
0 0.468475 0.358724 0.118768 0.089844
0 0.866569 0.662109 0.064516 0.084635
0 0.925953 0.612630 0.071848 0.082031
1 0.653959 0.805990 0.093842 0.075521
