0 0.085777 0.654948 0.162757 0.153646
0 0.278592 0.733073 0.140762 0.122396
0 0.454545 0.903646 0.131965 0.117188
0 0.432551 0.647786 0.131965 0.134115
0 0.281525 0.397135 0.158358 0.125000
0 0.109238 0.362630 0.153959 0.136719
0 0.292522 0.089844 0.104106 0.098958
0 0.080645 0.097656 0.079179 0.083333
0 0.048387 0.236979 0.093842 0.145833
0 0.600440 0.652344 0.153959 0.122396
0 0.521994 0.571615 0.105572 0.072917
0 0.352639 0.562500 0.130499 0.104167
0 0.834311 0.828776 0.214076 0.162760
0 0.713343 0.509766 0.121701 0.092448
0 0.631232 0.323568 0.127566 0.110677
0 0.750733 0.363281 0.117302 0.125000
0 0.848240 0.507812 0.165689 0.132812
0 0.929619 0.085938 0.079179 0.075521
0 0.947947 0.364583 0.104106 0.093750
