0 0.345052 0.085777 0.153646 0.162757
0 0.266927 0.278592 0.122396 0.140762
0 0.096354 0.454545 0.117188 0.131965
0 0.352214 0.432551 0.134115 0.131965
0 0.602865 0.281525 0.125000 0.158358
0 0.637370 0.109238 0.136719 0.153959
0 0.910156 0.292522 0.098958 0.104106
0 0.902344 0.080645 0.083333 0.079179
0 0.763021 0.048387 0.145833 0.093842
0 0.347656 0.600440 0.122396 0.153959
0 0.428385 0.521994 0.072917 0.105572
0 0.437500 0.352639 0.104167 0.130499
0 0.171224 0.834311 0.162760 0.214076
0 0.490234 0.713343 0.092448 0.121701
0 0.676432 0.631232 0.110677 0.127566
0 0.636719 0.750733 0.125000 0.117302
0 0.492188 0.848240 0.132812 0.165689
0 0.914062 0.929619 0.075521 0.079179
0 0.635417 0.947947 0.093750 0.104106
