0 0.654948 0.914223 0.153646 0.162757
0 0.733073 0.721408 0.122396 0.140762
0 0.903646 0.545455 0.117188 0.131965
0 0.647786 0.567449 0.134115 0.131965
0 0.397135 0.718475 0.125000 0.158358
0 0.362630 0.890762 0.136719 0.153959
0 0.089844 0.707478 0.098958 0.104106
0 0.097656 0.919355 0.083333 0.079179
0 0.236979 0.951613 0.145833 0.093842
0 0.652344 0.399560 0.122396 0.153959
0 0.571615 0.478006 0.072917 0.105572
0 0.562500 0.647361 0.104167 0.130499
0 0.828776 0.165689 0.162760 0.214076
0 0.509766 0.286657 0.092448 0.121701
0 0.323568 0.368768 0.110677 0.127566
0 0.363281 0.249267 0.125000 0.117302
0 0.507812 0.151760 0.132812 0.165689
0 0.085938 0.070381 0.075521 0.079179
0 0.364583 0.052053 0.093750 0.104106
