0 0.118490 0.071848 0.091146 0.087977
0 0.236979 0.104839 0.091146 0.095308
0 0.192708 0.038856 0.075521 0.074780
0 0.377604 0.042522 0.083333 0.073314
0 0.165365 0.209677 0.096354 0.087977
0 0.335938 0.245601 0.127604 0.124633
0 0.345703 0.379032 0.105469 0.092375
0 0.227865 0.480938 0.166667 0.170088
0 0.072266 0.201613 0.087240 0.089443
0 0.546224 0.272727 0.084635 0.096774
0 0.819010 0.236804 0.111979 0.107038
0 0.708333 0.350440 0.109375 0.099707
0 0.464193 0.082111 0.092448 0.108504
0 0.636068 0.117302 0.087240 0.108504
0 0.845052 0.370235 0.078125 0.109971
0 0.570964 0.520528 0.147135 0.111437
0 0.509766 0.686217 0.092448 0.102639
0 0.753255 0.504399 0.084635 0.105572
0 0.860026 0.588710 0.118490 0.115836
0 0.271484 0.761730 0.128906 0.136364
0 0.400391 0.788123 0.121094 0.109971
0 0.317708 0.893695 0.125000 0.118768
0 0.576823 0.865836 0.101562 0.109971
0 0.543620 0.599707 0.113281 0.076246
0 0.120443 0.709677 0.108073 0.102639
0 0.811198 0.862903 0.096354 0.112903
0 0.481771 0.420088 0.067708 0.083578
0 0.591797 0.738270 0.102865 0.092375
0 0.408203 0.895161 0.115885 0.118768
0 0.548828 0.138563 0.071615 0.074780
