0 0.881510 0.928152 0.091146 0.087977
0 0.763021 0.895161 0.091146 0.095308
0 0.807292 0.961144 0.075521 0.074780
0 0.622396 0.957478 0.083333 0.073314
0 0.834635 0.790323 0.096354 0.087977
0 0.664062 0.754399 0.127604 0.124633
0 0.654297 0.620968 0.105469 0.092375
0 0.772135 0.519062 0.166667 0.170088
0 0.927734 0.798387 0.087240 0.089443
0 0.453776 0.727273 0.084635 0.096774
0 0.180990 0.763196 0.111979 0.107038
0 0.291667 0.649560 0.109375 0.099707
0 0.535807 0.917889 0.092448 0.108504
0 0.363932 0.882698 0.087240 0.108504
0 0.154948 0.629765 0.078125 0.109971
0 0.429036 0.479472 0.147135 0.111437
0 0.490234 0.313783 0.092448 0.102639
0 0.246745 0.495601 0.084635 0.105572
0 0.139974 0.411290 0.118490 0.115836
0 0.728516 0.238270 0.128906 0.136364
0 0.599609 0.211877 0.121094 0.109971
0 0.682292 0.106305 0.125000 0.118768
0 0.423177 0.134164 0.101562 0.109971
0 0.456380 0.400293 0.113281 0.076246
0 0.879557 0.290323 0.108073 0.102639
0 0.188802 0.137097 0.096354 0.112903
0 0.518229 0.579912 0.067708 0.083578
0 0.408203 0.261730 0.102865 0.092375
0 0.591797 0.104839 0.115885 0.118768
0 0.451172 0.861437 0.071615 0.074780
