1 0.497656 0.502500 0.111979 0.173333
1 0.666146 0.224167 0.066667 0.131667
1 0.471615 0.801667 0.051562 0.086667
1 0.317969 0.467917 0.023438 0.035833
1 0.348698 0.468333 0.027604 0.046667
1 0.377865 0.470000 0.023438 0.035000
1 0.389323 0.531250 0.025521 0.034167
1 0.359115 0.577083 0.026562 0.044167
1 0.285677 0.572917 0.029687 0.049167
1 0.272396 0.512917 0.029167 0.045833
1 0.303385 0.518750 0.031771 0.039167
0 0.292187 0.293333 0.016667 0.023333
1 0.618750 0.774167 0.054167 0.098333
1 0.710677 0.819583 0.058854 0.127500
