1 0.502344 0.497500 0.111979 0.173333
1 0.333854 0.775833 0.066667 0.131667
1 0.528385 0.198333 0.051562 0.086667
1 0.682031 0.532083 0.023438 0.035833
1 0.651302 0.531667 0.027604 0.046667
1 0.622135 0.530000 0.023438 0.035000
1 0.610677 0.468750 0.025521 0.034167
1 0.640885 0.422917 0.026562 0.044167
1 0.714323 0.427083 0.029687 0.049167
1 0.727604 0.487083 0.029167 0.045833
1 0.696615 0.481250 0.031771 0.039167
0 0.707813 0.706667 0.016667 0.023333
1 0.381250 0.225833 0.054167 0.098333
1 0.289323 0.180417 0.058854 0.127500
