0 0.164223 0.552734 0.099707 0.087240
0 0.153959 0.397786 0.117302 0.100260
0 0.046188 0.266276 0.089443 0.084635
0 0.074780 0.159505 0.102639 0.089844
0 0.203079 0.129557 0.107038 0.084635
0 0.291789 0.578776 0.093842 0.084635
0 0.318182 0.417318 0.090909 0.087240
0 0.357771 0.246094 0.114370 0.088542
0 0.450147 0.157552 0.140762 0.138021
0 0.296188 0.777995 0.120235 0.113281
0 0.284457 0.894531 0.108504 0.096354
0 0.565249 0.956380 0.153959 0.084635
0 0.522727 0.598958 0.112903 0.106771
0 0.522727 0.445964 0.121701 0.100260
0 0.670821 0.437500 0.115836 0.101562
0 0.768328 0.435547 0.129032 0.128906
0 0.671554 0.579427 0.140762 0.093750
0 0.585777 0.279297 0.112903 0.097656
0 0.668622 0.270182 0.131965 0.087240
0 0.822581 0.262370 0.134897 0.118490
0 0.865836 0.041016 0.109971 0.082031
0 0.957478 0.738932 0.085044 0.102865
0 0.591642 0.800781 0.104106 0.101562
0 0.806452 0.868490 0.082111 0.075521
