0 0.835777 0.447266 0.099707 0.087240
0 0.846041 0.602214 0.117302 0.100260
0 0.953812 0.733724 0.089443 0.084635
0 0.925220 0.840495 0.102639 0.089844
0 0.796921 0.870443 0.107038 0.084635
0 0.708211 0.421224 0.093842 0.084635
0 0.681818 0.582682 0.090909 0.087240
0 0.642229 0.753906 0.114370 0.088542
0 0.549853 0.842448 0.140762 0.138021
0 0.703812 0.222005 0.120235 0.113281
0 0.715543 0.105469 0.108504 0.096354
0 0.434751 0.043620 0.153959 0.084635
0 0.477273 0.401042 0.112903 0.106771
0 0.477273 0.554036 0.121701 0.100260
0 0.329179 0.562500 0.115836 0.101562
0 0.231672 0.564453 0.129032 0.128906
0 0.328446 0.420573 0.140762 0.093750
0 0.414223 0.720703 0.112903 0.097656
0 0.331378 0.729818 0.131965 0.087240
0 0.177419 0.737630 0.134897 0.118490
0 0.134164 0.958984 0.109971 0.082031
0 0.042522 0.261068 0.085044 0.102865
0 0.408358 0.199219 0.104106 0.101562
0 0.193548 0.131510 0.082111 0.075521
