0 0.906250 0.935484 0.091146 0.102639
0 0.852214 0.907625 0.095052 0.117302
0 0.799479 0.852639 0.104167 0.109971
0 0.697917 0.914956 0.065104 0.085044
0 0.672526 0.849707 0.063802 0.080645
0 0.433594 0.890029 0.070312 0.093842
0 0.339844 0.844575 0.065104 0.076246
0 0.347656 0.932551 0.062500 0.067449
0 0.285156 0.819648 0.057292 0.067449
0 0.679036 0.715543 0.079427 0.070381
0 0.389323 0.584311 0.093750 0.115836
0 0.975260 0.928152 0.046875 0.105572
0 0.947917 0.425953 0.075521 0.101173
0 0.942057 0.332111 0.084635 0.101173
0 0.568359 0.410557 0.076823 0.096774
0 0.501953 0.493402 0.069010 0.068915
0 0.288411 0.493402 0.055990 0.080645
0 0.041667 0.388563 0.080729 0.096774
0 0.710286 0.153226 0.063802 0.086510
0 0.692057 0.252199 0.084635 0.096774
0 0.908854 0.112170 0.080729 0.089443
0 0.624349 0.685484 0.053385 0.065982
0 0.888672 0.449413 0.089844 0.095308
0 0.605469 0.173021 0.080729 0.085044
0 0.968099 0.046921 0.061198 0.073314
