0 0.093750 0.064516 0.091146 0.102639
0 0.147786 0.092375 0.095052 0.117302
0 0.200521 0.147361 0.104167 0.109971
0 0.302083 0.085044 0.065104 0.085044
0 0.327474 0.150293 0.063802 0.080645
0 0.566406 0.109971 0.070312 0.093842
0 0.660156 0.155425 0.065104 0.076246
0 0.652344 0.067449 0.062500 0.067449
0 0.714844 0.180352 0.057292 0.067449
0 0.320964 0.284457 0.079427 0.070381
0 0.610677 0.415689 0.093750 0.115836
0 0.024740 0.071848 0.046875 0.105572
0 0.052083 0.574047 0.075521 0.101173
0 0.057943 0.667889 0.084635 0.101173
0 0.431641 0.589443 0.076823 0.096774
0 0.498047 0.506598 0.069010 0.068915
0 0.711589 0.506598 0.055990 0.080645
0 0.958333 0.611437 0.080729 0.096774
0 0.289714 0.846774 0.063802 0.086510
0 0.307943 0.747801 0.084635 0.096774
0 0.091146 0.887830 0.080729 0.089443
0 0.375651 0.314516 0.053385 0.065982
0 0.111328 0.550587 0.089844 0.095308
0 0.394531 0.826979 0.080729 0.085044
0 0.031901 0.953079 0.061198 0.073314
