0 0.949413 0.401693 0.092375 0.079427
0 0.788123 0.474609 0.080645 0.079427
0 0.891496 0.553385 0.099707 0.085938
0 0.954545 0.304688 0.087977 0.098958
0 0.681085 0.615234 0.086510 0.089844
0 0.780059 0.582682 0.087977 0.084635
0 0.637097 0.695312 0.074780 0.072917
0 0.519795 0.384766 0.083578 0.074219
0 0.596774 0.480469 0.079179 0.059896
0 0.587977 0.433594 0.085044 0.080729
0 0.667889 0.309896 0.098240 0.080729
0 0.697214 0.352865 0.071848 0.075521
0 0.646628 0.155599 0.085044 0.084635
0 0.552786 0.238932 0.087977 0.074219
0 0.489003 0.093099 0.092375 0.089844
0 0.612903 0.860677 0.090909 0.078125
0 0.506598 0.713542 0.127566 0.096354
0 0.414223 0.880859 0.112903 0.089844
0 0.966276 0.912760 0.064516 0.072917
0 0.271994 0.140625 0.098240 0.093750
0 0.217009 0.171875 0.067449 0.075521
0 0.136364 0.225911 0.102639 0.082031
0 0.272727 0.348958 0.105572 0.096354
0 0.206745 0.597656 0.105572 0.072917
0 0.192815 0.702474 0.077713 0.082031
0 0.165689 0.835938 0.120235 0.104167
0 0.182551 0.518229 0.098240 0.101562
0 0.141496 0.940755 0.080645 0.074219
0 0.112903 0.261068 0.073314 0.061198
0 0.334311 0.039714 0.085044 0.066406
0 0.726540 0.466797 0.092375 0.079427
0 0.299853 0.799479 0.112903 0.117188
0 0.288856 0.935547 0.073314 0.076823
0 0.332845 0.483073 0.093842 0.085938
0 0.522727 0.537760 0.095308 0.085938
