0 0.877604 0.835044 0.148438 0.145161
0 0.761719 0.903959 0.132812 0.139296
0 0.646484 0.940616 0.141927 0.115836
0 0.535156 0.912023 0.117188 0.117302
0 0.427734 0.852639 0.141927 0.145161
0 0.113281 0.782991 0.166667 0.181818
0 0.685547 0.749267 0.160156 0.167155
0 0.846354 0.686217 0.101562 0.105572
0 0.734375 0.636364 0.088542 0.082111
0 0.521484 0.772727 0.162760 0.131965
0 0.491536 0.633431 0.115885 0.137830
0 0.196615 0.646628 0.148438 0.170088
0 0.801432 0.423021 0.178385 0.165689
0 0.652995 0.473607 0.115885 0.123167
0 0.505208 0.440616 0.151042 0.133431
0 0.625000 0.236804 0.145833 0.142229
0 0.247396 0.415689 0.138021 0.107038
0 0.082682 0.541056 0.165365 0.155425
0 0.289062 0.210411 0.177083 0.136364
0 0.101562 0.407625 0.132812 0.134897
0 0.891276 0.493402 0.121094 0.136364
0 0.412760 0.164956 0.109375 0.101173
0 0.354167 0.047654 0.106771 0.095308
0 0.082031 0.214809 0.132812 0.127566
0 0.192057 0.072581 0.136719 0.104106
0 0.359375 0.863636 0.106771 0.131965
