0 0.105572 0.859375 0.123167 0.127604
0 0.055718 0.934245 0.108504 0.126302
0 0.203812 0.685547 0.090909 0.092448
0 0.307185 0.774740 0.095308 0.093750
0 0.167889 0.477865 0.139296 0.132812
0 0.151026 0.332031 0.111437 0.138021
0 0.229472 0.513021 0.112903 0.122396
0 0.178886 0.852865 0.114370 0.104167
0 0.402493 0.851562 0.109971 0.104167
0 0.587977 0.905599 0.120235 0.121094
0 0.542522 0.944010 0.175953 0.109375
0 0.505132 0.628906 0.112903 0.111979
0 0.452346 0.477214 0.107038 0.113281
0 0.489003 0.402344 0.115836 0.125000
0 0.412757 0.118490 0.127566 0.091146
0 0.269062 0.035807 0.112903 0.071615
0 0.590176 0.082682 0.130499 0.123698
0 0.546188 0.205729 0.104106 0.085938
0 0.608504 0.367839 0.096774 0.108073
0 0.777126 0.567708 0.117302 0.127604
0 0.737537 0.473958 0.111437 0.122396
0 0.693548 0.916667 0.111437 0.117188
0 0.827713 0.408854 0.107038 0.088542
0 0.641496 0.171224 0.080645 0.079427
0 0.816716 0.223307 0.087977 0.079427
0 0.813783 0.283203 0.082111 0.089844
0 0.947214 0.580078 0.105572 0.100260
0 0.445748 0.908854 0.099707 0.122396
0 0.434018 0.618490 0.070381 0.070312
