0 0.140625 0.105572 0.127604 0.123167
0 0.065755 0.055718 0.126302 0.108504
0 0.314453 0.203812 0.092448 0.090909
0 0.225260 0.307185 0.093750 0.095308
0 0.522135 0.167889 0.132812 0.139296
0 0.667969 0.151026 0.138021 0.111437
0 0.486979 0.229472 0.122396 0.112903
0 0.147135 0.178886 0.104167 0.114370
0 0.148438 0.402493 0.104167 0.109971
0 0.094401 0.587977 0.121094 0.120235
0 0.055990 0.542522 0.109375 0.175953
0 0.371094 0.505132 0.111979 0.112903
0 0.522786 0.452346 0.113281 0.107038
0 0.597656 0.489003 0.125000 0.115836
0 0.881510 0.412757 0.091146 0.127566
0 0.964193 0.269062 0.071615 0.112903
0 0.917318 0.590176 0.123698 0.130499
0 0.794271 0.546188 0.085938 0.104106
0 0.632161 0.608504 0.108073 0.096774
0 0.432292 0.777126 0.127604 0.117302
0 0.526042 0.737537 0.122396 0.111437
0 0.083333 0.693548 0.117188 0.111437
0 0.591146 0.827713 0.088542 0.107038
0 0.828776 0.641496 0.079427 0.080645
0 0.776693 0.816716 0.079427 0.087977
0 0.716797 0.813783 0.089844 0.082111
0 0.419922 0.947214 0.100260 0.105572
0 0.091146 0.445748 0.122396 0.099707
0 0.381510 0.434018 0.070312 0.070381
