0 0.894428 0.140625 0.123167 0.127604
0 0.944282 0.065755 0.108504 0.126302
0 0.796188 0.314453 0.090909 0.092448
0 0.692815 0.225260 0.095308 0.093750
0 0.832111 0.522135 0.139296 0.132812
0 0.848974 0.667969 0.111437 0.138021
0 0.770528 0.486979 0.112903 0.122396
0 0.821114 0.147135 0.114370 0.104167
0 0.597507 0.148438 0.109971 0.104167
0 0.412023 0.094401 0.120235 0.121094
0 0.457478 0.055990 0.175953 0.109375
0 0.494868 0.371094 0.112903 0.111979
0 0.547654 0.522786 0.107038 0.113281
0 0.510997 0.597656 0.115836 0.125000
0 0.587243 0.881510 0.127566 0.091146
0 0.730938 0.964193 0.112903 0.071615
0 0.409824 0.917318 0.130499 0.123698
0 0.453812 0.794271 0.104106 0.085938
0 0.391496 0.632161 0.096774 0.108073
0 0.222874 0.432292 0.117302 0.127604
0 0.262463 0.526042 0.111437 0.122396
0 0.306452 0.083333 0.111437 0.117188
0 0.172287 0.591146 0.107038 0.088542
0 0.358504 0.828776 0.080645 0.079427
0 0.183284 0.776693 0.087977 0.079427
0 0.186217 0.716797 0.082111 0.089844
0 0.052786 0.419922 0.105572 0.100260
0 0.554252 0.091146 0.099707 0.122396
0 0.565982 0.381510 0.070381 0.070312
