0 0.224609 0.348240 0.089844 0.083578
0 0.270833 0.403959 0.085938 0.092375
0 0.851562 0.138563 0.070312 0.077713
0 0.386068 0.345308 0.066406 0.071848
0 0.632812 0.289589 0.067708 0.071848
0 0.834635 0.390029 0.091146 0.120235
0 0.876953 0.464076 0.069010 0.077713
0 0.947917 0.656891 0.075521 0.108504
0 0.765625 0.692082 0.080729 0.102639
0 0.890625 0.744868 0.085938 0.082111
0 0.039062 0.579179 0.075521 0.079179
0 0.170573 0.877566 0.096354 0.098240
0 0.518229 0.948680 0.091146 0.099707
0 0.622396 0.896628 0.114583 0.107038
0 0.727214 0.466276 0.063802 0.055718
0 0.970052 0.939883 0.059896 0.102639
