0 0.651760 0.224609 0.083578 0.089844
0 0.596041 0.270833 0.092375 0.085938
0 0.861437 0.851562 0.077713 0.070312
0 0.654692 0.386068 0.071848 0.066406
0 0.710411 0.632812 0.071848 0.067708
0 0.609971 0.834635 0.120235 0.091146
0 0.535924 0.876953 0.077713 0.069010
0 0.343109 0.947917 0.108504 0.075521
0 0.307918 0.765625 0.102639 0.080729
0 0.255132 0.890625 0.082111 0.085938
0 0.420821 0.039062 0.079179 0.075521
0 0.122434 0.170573 0.098240 0.096354
0 0.051320 0.518229 0.099707 0.091146
0 0.103372 0.622396 0.107038 0.114583
0 0.533724 0.727214 0.055718 0.063802
0 0.060117 0.970052 0.102639 0.059896
