0 0.348240 0.775391 0.083578 0.089844
0 0.403959 0.729167 0.092375 0.085938
0 0.138563 0.148438 0.077713 0.070312
0 0.345308 0.613932 0.071848 0.066406
0 0.289589 0.367188 0.071848 0.067708
0 0.390029 0.165365 0.120235 0.091146
0 0.464076 0.123047 0.077713 0.069010
0 0.656891 0.052083 0.108504 0.075521
0 0.692082 0.234375 0.102639 0.080729
0 0.744868 0.109375 0.082111 0.085938
0 0.579179 0.960938 0.079179 0.075521
0 0.877566 0.829427 0.098240 0.096354
0 0.948680 0.481771 0.099707 0.091146
0 0.896628 0.377604 0.107038 0.114583
0 0.466276 0.272786 0.055718 0.063802
0 0.939883 0.029948 0.102639 0.059896
