0 0.850911 0.929619 0.089844 0.087977
0 0.852865 0.840176 0.117188 0.096774
0 0.933594 0.736804 0.117188 0.109971
0 0.560547 0.932551 0.076823 0.079179
0 0.297526 0.814516 0.102865 0.089443
0 0.370443 0.768328 0.084635 0.090909
0 0.261068 0.624633 0.069010 0.079179
0 0.500000 0.686950 0.078125 0.077713
0 0.622396 0.578446 0.075521 0.095308
0 0.535807 0.546921 0.076823 0.105572
0 0.184245 0.505132 0.084635 0.083578
0 0.082682 0.530792 0.092448 0.090909
0 0.048828 0.623900 0.069010 0.060117
0 0.117188 0.319648 0.109375 0.120235
0 0.191406 0.294721 0.106771 0.114370
0 0.505208 0.518328 0.104167 0.083578
0 0.658203 0.397361 0.063802 0.067449
0 0.455078 0.203079 0.082031 0.092375
0 0.415365 0.159824 0.098958 0.087977
0 0.316406 0.134164 0.106771 0.098240
0 0.271484 0.104106 0.071615 0.085044
0 0.217448 0.065249 0.075521 0.071848
0 0.152344 0.134897 0.083333 0.067449
0 0.106120 0.200147 0.079427 0.080645
0 0.046224 0.159091 0.092448 0.112903
0 0.137370 0.038123 0.079427 0.070381
0 0.271484 0.271261 0.074219 0.087977
0 0.531901 0.155425 0.115885 0.105572
0 0.356120 0.215543 0.087240 0.079179
