0 0.067708 0.114258 0.041667 0.022461
0 0.055339 0.175049 0.037760 0.025879
0 0.237305 0.012207 0.042318 0.023438
0 0.288086 0.025879 0.029297 0.017578
0 0.336589 0.018799 0.040365 0.027832
0 0.625977 0.074219 0.029297 0.028320
0 0.669271 0.063965 0.036458 0.024414
0 0.630859 0.107422 0.037760 0.026367
0 0.818685 0.117920 0.034505 0.020996
0 0.556641 0.098633 0.028646 0.029297
0 0.500977 0.098633 0.029297 0.022461
0 0.412435 0.096436 0.034505 0.024902
0 0.377279 0.104004 0.033203 0.022461
0 0.284505 0.072754 0.029948 0.017578
0 0.203451 0.107422 0.038411 0.020508
0 0.242839 0.116211 0.035156 0.022461
0 0.288411 0.105713 0.031250 0.017090
0 0.319336 0.096680 0.030599 0.020508
0 0.38410 0.136963 0.033854 0.023926
0 0.428385 0.147217 0.044271 0.027832
0 0.470378 0.122803 0.035807 0.020996
0 0.499023 0.123291 0.030599 0.023926
0 0.545247 0.128418 0.031901 0.024414
0 0.511068 0.145508 0.032552 0.022461
0 0.665690 0.153809 0.027995 0.021484
0 0.729818 0.195557 0.037760 0.023926
0 0.724284 0.225342 0.026693 0.027832
0 0.659180 0.221436 0.043620 0.023926
0 0.551432 0.218506 0.029948 0.020996
0 0.591471 0.244629 0.021484 0.020508
0 0.500977 0.209961 0.027995 0.022461
0 0.473958 0.230713 0.026042 0.019043
0 0.400391 0.216553 0.027344 0.021973
0 0.361654 0.199463 0.037109 0.025879
0 0.319010 0.177002 0.036458 0.019043
0 0.384766 0.171631 0.035156 0.027832
0 0.220378 0.169922 0.043620 0.019531
0 0.204102 0.152344 0.033203 0.025391
0 0.148438 0.163086 0.031250 0.018555
0 0.122396 0.185547 0.042969 0.024414
0 0.151042 0.212891 0.035156 0.019531
0 0.657878 0.249756 0.033203 0.025879
0 0.730794 0.256104 0.031901 0.022949
0 0.611328 0.275635 0.029948 0.020996
0 0.668620 0.281006 0.031250 0.020996
0 0.695964 0.303467 0.032552 0.023926
0 0.540365 0.256592 0.026042 0.020996
0 0.516602 0.252686 0.026693 0.020996
0 0.336589 0.240723 0.022135 0.017578
0 0.302409 0.239258 0.029297 0.017578
0 0.294596 0.256592 0.034505 0.019043
0 0.223633 0.281006 0.050130 0.025879
0 0.219076 0.261963 0.031901 0.017090
0 0.165365 0.237549 0.033854 0.017090
0 0.110677 0.230713 0.028646 0.020996
0 0.108724 0.260010 0.031250 0.027832
0 0.043945 0.229004 0.031901 0.020508
0 0.012044 0.227051 0.022786 0.022461
0 0.504557 0.164551 0.027344 0.015625
0 0.382812 0.303467 0.031250 0.018066
0 0.579102 0.299561 0.030599 0.023926
0 0.695638 0.341797 0.031901 0.020508
0 0.629883 0.331299 0.025391 0.017090
0 0.621419 0.360840 0.021484 0.015625
0 0.587240 0.376465 0.037760 0.026367
0 0.589518 0.329834 0.024089 0.019043
0 0.506510 0.334717 0.029948 0.020996
0 0.473633 0.284180 0.021484 0.013672
0 0.393555 0.275635 0.022786 0.019043
0 0.440430 0.318604 0.021484 0.016113
0 0.344727 0.316895 0.027995 0.016602
0 0.387044 0.324219 0.026693 0.015625
0 0.416667 0.350586 0.022135 0.013672
0 0.395833 0.357666 0.032552 0.020996
0 0.347656 0.357422 0.035156 0.019531
0 0.224609 0.340088 0.036458 0.025879
0 0.128581 0.308838 0.037109 0.025879
0 0.083333 0.326172 0.037760 0.020508
0 0.107747 0.317627 0.042318 0.025879
0 0.061523 0.313721 0.037109 0.024902
0 0.100260 0.352295 0.036458 0.029785
0 0.144206 0.341797 0.034505 0.024414
0 0.125977 0.373047 0.038411 0.017578
0 0.166016 0.372803 0.028646 0.021973
0 0.189128 0.367188 0.024089 0.020508
0 0.259766 0.319336 0.020833 0.013672
0 0.197591 0.348633 0.026693 0.019531
0 0.291667 0.367920 0.020833 0.014160
0 0.297852 0.348633 0.025391 0.020508
0 0.152995 0.416260 0.037760 0.025879
0 0.212891 0.325928 0.036458 0.023926
0 0.424805 0.406006 0.041016 0.022949
0 0.383789 0.424805 0.029297 0.018555
0 0.160807 0.397461 0.036458 0.017578
0 0.040039 0.397217 0.033203 0.019043
0 0.071940 0.432373 0.031901 0.023926
0 0.047201 0.461670 0.042318 0.023926
0 0.088867 0.468506 0.027995 0.017090
0 0.160482 0.444092 0.035807 0.025879
0 0.212240 0.438965 0.040365 0.029297
0 0.211589 0.472168 0.035156 0.024414
0 0.245443 0.468506 0.037760 0.023926
0 0.177083 0.485840 0.022135 0.018555
0 0.313151 0.451172 0.031250 0.020508
0 0.340169 0.451172 0.034505 0.022461
0 0.270182 0.400879 0.040365 0.029297
0 0.357096 0.421631 0.031901 0.020996
0 0.372721 0.485840 0.034505 0.022461
0 0.416992 0.459961 0.034505 0.024414
0 0.436523 0.423096 0.042318 0.020996
0 0.472005 0.435059 0.029948 0.018555
0 0.465495 0.461670 0.035156 0.025879
0 0.489909 0.506592 0.033203 0.021973
0 0.511719 0.506592 0.024740 0.025879
0 0.544922 0.511963 0.031250 0.023926
0 0.579102 0.442139 0.026693 0.021973
0 0.583333 0.479004 0.020833 0.020508
0 0.552083 0.428223 0.029948 0.017578
0 0.524089 0.412842 0.028646 0.020996
0 0.543620 0.378174 0.037760 0.029785
0 0.580404 0.402588 0.027995 0.022949
0 0.63410 0.494629 0.033854 0.022461
0 0.669596 0.490967 0.034505 0.027832
0 0.675456 0.426758 0.024089 0.022461
0 0.681641 0.399170 0.027344 0.020996
0 0.709635 0.395752 0.027344 0.025879
0 0.689128 0.371338 0.027995 0.017090
0 0.027995 0.315674 0.027344 0.019043
0 0.335938 0.488770 0.024740 0.018555
0 0.411784 0.495850 0.029297 0.024902
0 0.557943 0.553955 0.037760 0.024902
0 0.611654 0.568848 0.041016 0.024414
0 0.492839 0.543701 0.028646 0.025879
0 0.441081 0.552246 0.025391 0.019531
0 0.364583 0.532959 0.036458 0.024902
0 0.403320 0.537598 0.034505 0.017578
0 0.229167 0.552246 0.033854 0.029297
0 0.234049 0.631836 0.031901 0.020508
0 0.340820 0.627930 0.033203 0.026367
0 0.334635 0.640869 0.037760 0.025879
0 0.424479 0.610840 0.031250 0.029297
0 0.443034 0.584717 0.029297 0.025879
0 0.527995 0.633789 0.035156 0.022461
0 0.708333 0.620850 0.032552 0.023926
0 0.743490 0.645996 0.037760 0.026367
0 0.797852 0.600586 0.025391 0.026367
0 0.456706 0.639893 0.030599 0.020020
0 0.424154 0.669922 0.027995 0.022461
0 0.457031 0.669922 0.033854 0.020508
0 0.492188 0.661377 0.031250 0.025879
0 0.481120 0.692139 0.033854 0.024902
0 0.521484 0.708008 0.026042 0.022461
0 0.591471 0.663086 0.018880 0.020508
0 0.644206 0.649658 0.025391 0.020996
0 0.847331 0.593750 0.031901 0.022461
0 0.835938 0.565918 0.032552 0.024414
0 0.755534 0.540039 0.033203 0.025391
0 0.752930 0.740723 0.025391 0.027344
0 0.654622 0.718262 0.041016 0.030273
0 0.647786 0.735840 0.044271 0.022461
0 0.554688 0.72020 0.036458 0.024414
0 0.414714 0.748535 0.032552 0.028320
0 0.472331 0.734131 0.037109 0.025879
0 0.222982 0.677979 0.039714 0.027832
0 0.021159 0.660645 0.041016 0.036133
0 0.109049 0.730225 0.050130 0.027832
0 0.076497 0.765137 0.050130 0.039062
0 0.216471 0.798340 0.037109 0.026367
0 0.180990 0.854248 0.041667 0.029785
0 0.139648 0.829590 0.042318 0.026367
0 0.344727 0.712158 0.035807 0.026855
0 0.368164 0.727051 0.029297 0.026367
0 0.350260 0.683594 0.040365 0.027344
0 0.411133 0.685547 0.030599 0.017578
0 0.524740 0.664795 0.032552 0.024902
0 0.621094 0.750977 0.029948 0.021484
0 0.710286 0.763428 0.028646 0.023926
0 0.600911 0.794922 0.029948 0.027344
0 0.618490 0.784424 0.028646 0.019043
0 0.63410 0.834717 0.041667 0.029785
0 0.710938 0.821045 0.036458 0.024902
0 0.602865 0.706299 0.022135 0.016113
0 0.587240 0.910645 0.035156 0.027344
0 0.547201 0.896729 0.042318 0.030762
0 0.602865 0.935547 0.036458 0.022461
0 0.702799 0.918701 0.041016 0.028809
0 0.181966 0.905762 0.042318 0.037109
0 0.331055 0.770508 0.039714 0.027344
0 0.537760 0.827881 0.032552 0.023926
0 0.668294 0.683594 0.022786 0.021484
0 0.694661 0.689453 0.028646 0.022461
0 0.683268 0.873047 0.034505 0.024414
0 0.652669 0.911133 0.030599 0.027344
0 0.147135 0.855225 0.042969 0.025879
0 0.319661 0.587891 0.028646 0.014648
0 0.603516 0.513916 0.019531 0.018066
0 0.621094 0.537354 0.028646 0.023926
0 0.161133 0.492920 0.037109 0.025879
0 0.122396 0.438477 0.028646 0.018555
0 0.266602 0.522705 0.044922 0.021973
0 0.215820 0.390381 0.030599 0.020996
0 0.339518 0.417725 0.026693 0.016113
0 0.248047 0.445801 0.026042 0.018555
0 0.113932 0.885498 0.029948 0.021973
0 0.095703 0.910889 0.039062 0.026855
0 0.278646 0.708496 0.033854 0.031250
0 0.279948 0.690674 0.033854 0.022949
0 0.25910 0.638428 0.031250 0.025879
0 0.029622 0.730225 0.034505 0.022949
0 0.514323 0.947266 0.023438 0.017578
0 0.539714 0.924316 0.024740 0.016602
0 0.666341 0.940918 0.034505 0.034180
