1 0.652344 0.286667 0.107813 0.111667
1 0.517708 0.753750 0.053125 0.080833
1 0.501563 0.506667 0.019792 0.033333
1 0.476042 0.508333 0.020833 0.030000
1 0.659115 0.764583 0.075521 0.142500
0 0.513542 0.466250 0.023958 0.037500
0 0.453906 0.542917 0.022396 0.034167
0 0.543750 0.449167 0.015625 0.023333
0 0.486719 0.586667 0.013021 0.020000
0 0.516667 0.407917 0.013542 0.019167
0 0.492969 0.469167 0.017188 0.025000
0 0.477865 0.463750 0.011979 0.019167
0 0.439844 0.490417 0.014063 0.022500
0 0.533073 0.563333 0.010937 0.015000
0 0.470573 0.773750 0.056771 0.100833
0 0.440885 0.417083 0.016146 0.022500
0 0.460938 0.411250 0.017708 0.024167
0 0.558594 0.453333 0.015104 0.030000
0 0.528646 0.425000 0.019792 0.026667
