1 0.319792 0.502917 0.029167 0.032500
1 0.511198 0.284167 0.022396 0.033333
0 0.355208 0.353750 0.038542 0.075833
0 0.289062 0.565833 0.018750 0.026667
0 0.305990 0.562917 0.015104 0.025833
0 0.341406 0.615417 0.028646 0.040833
0 0.297396 0.605000 0.028125 0.061667
0 0.272135 0.604583 0.022396 0.030833
0 0.344531 0.575833 0.028646 0.041667
0 0.367708 0.569167 0.025000 0.041667
0 0.351302 0.675417 0.030729 0.047500
1 0.711198 0.265417 0.020313 0.030833
1 0.709375 0.293750 0.013542 0.020833
1 0.709635 0.311667 0.013021 0.018333
1 0.712240 0.332500 0.017188 0.023333
1 0.695833 0.260417 0.011458 0.017500
1 0.695312 0.289167 0.011458 0.023333
0 0.384635 0.505000 0.034896 0.038333
