0 0.236328 0.081378 0.110677 0.095308
0 0.348958 0.076979 0.125000 0.118768
0 0.308594 0.140762 0.085938 0.105572
0 0.058594 0.226540 0.106771 0.109971
0 0.131510 0.269795 0.104167 0.123167
0 0.390625 0.255132 0.106771 0.099707
0 0.307292 0.250000 0.083333 0.107038
0 0.630859 0.294721 0.188802 0.170088
0 0.708984 0.145894 0.147135 0.168622
0 0.347656 0.637830 0.101562 0.079179
0 0.156901 0.402493 0.082031 0.080645
0 0.149089 0.756598 0.115885 0.076246
0 0.507812 0.890029 0.101562 0.085044
0 0.604818 0.894428 0.097656 0.073314
0 0.718099 0.950147 0.076823 0.093842
0 0.811198 0.934751 0.104167 0.080645
0 0.589193 0.955279 0.100260 0.089443
0 0.736979 0.072581 0.111979 0.112903
0 0.074219 0.527859 0.132812 0.117302
0 0.078125 0.605572 0.088542 0.099707
