1 0.320833 0.479167 0.110417 0.191667
1 0.484115 0.206250 0.130729 0.202500
1 0.661719 0.465000 0.067187 0.080000
1 0.352083 0.270417 0.040625 0.057500
0 0.609635 0.477500 0.046354 0.071667
0 0.300260 0.734167 0.023438 0.025000
0 0.295833 0.761667 0.026042 0.033333
0 0.270313 0.814167 0.035417 0.050000
0 0.325781 0.839167 0.034896 0.036667
0 0.359375 0.817083 0.026042 0.035833
0 0.322396 0.768333 0.028125 0.025000
0 0.389323 0.835417 0.028646 0.039167
0 0.317188 0.817917 0.032292 0.035833
0 0.335677 0.802500 0.023438 0.028333
0 0.377083 0.787917 0.032292 0.039167
0 0.284896 0.794167 0.027083 0.025000
