0 0.176432 0.291056 0.118490 0.121701
0 0.319010 0.245601 0.088542 0.112903
0 0.401042 0.345308 0.093750 0.115836
0 0.335938 0.434751 0.119792 0.092375
0 0.593099 0.387830 0.100260 0.109971
0 0.675781 0.420088 0.091146 0.098240
0 0.635417 0.256598 0.106771 0.090909
0 0.516927 0.120235 0.093750 0.099707
0 0.422526 0.115836 0.082031 0.099707
0 0.473307 0.192815 0.084635 0.077713
0 0.604167 0.064516 0.065104 0.061584
0 0.444661 0.052786 0.076823 0.076246
0 0.045573 0.084311 0.088542 0.109971
0 0.686849 0.100440 0.069010 0.083578
0 0.748047 0.089443 0.071615 0.085044
0 0.800130 0.101173 0.074219 0.070381
0 0.833984 0.050587 0.087240 0.092375
0 0.872396 0.041789 0.080729 0.077713
0 0.932292 0.033724 0.072917 0.064516
0 0.906901 0.169355 0.084635 0.086510
0 0.903646 0.234604 0.096354 0.082111
0 0.785156 0.208211 0.080729 0.087977
0 0.647786 0.165689 0.084635 0.096774
0 0.746094 0.334311 0.070312 0.076246
0 0.805339 0.326979 0.084635 0.070381
0 0.893880 0.387830 0.058594 0.077713
0 0.955729 0.456012 0.070312 0.079179
0 0.824219 0.517595 0.101562 0.105572
0 0.695312 0.572581 0.083333 0.083578
0 0.775391 0.619501 0.074219 0.074780
0 0.478516 0.699413 0.079427 0.087977
0 0.376302 0.735337 0.091146 0.101173
0 0.180339 0.832111 0.102865 0.109971
0 0.229167 0.728739 0.091146 0.096774
0 0.499349 0.796188 0.089844 0.087977
0 0.578125 0.940616 0.083333 0.089443
0 0.668620 0.899560 0.074219 0.083578
0 0.673177 0.850440 0.078125 0.079179
0 0.801432 0.800587 0.066406 0.061584
0 0.896484 0.701613 0.095052 0.068915
0 0.809245 0.689150 0.066406 0.073314
0 0.964844 0.569648 0.070312 0.080645
0 0.160807 0.467742 0.089844 0.076246
0 0.184245 0.590176 0.082031 0.107038
0 0.373698 0.802053 0.080729 0.070381
0 0.343099 0.934018 0.097656 0.087977
0 0.520182 0.692815 0.076823 0.089443
0 0.770182 0.967742 0.055990 0.064516
0 0.835938 0.973607 0.062500 0.052786
0 0.920573 0.923754 0.083333 0.093842
