0 0.454427 0.079179 0.130208 0.129032
0 0.367188 0.276393 0.093750 0.098240
0 0.491536 0.248534 0.108073 0.118768
0 0.492839 0.192082 0.097656 0.096774
0 0.757161 0.353372 0.079427 0.099707
0 0.846354 0.373167 0.098958 0.124633
0 0.892578 0.162023 0.076823 0.080645
0 0.835938 0.247801 0.085938 0.111437
0 0.677083 0.393695 0.062500 0.063050
0 0.464193 0.468475 0.071615 0.080645
0 0.524089 0.475806 0.063802 0.065982
0 0.576172 0.553519 0.069010 0.074780
0 0.500000 0.590909 0.078125 0.082111
0 0.604167 0.625367 0.085938 0.083578
0 0.691406 0.471408 0.080729 0.077713
0 0.750651 0.480205 0.058594 0.068915
0 0.785156 0.494135 0.054688 0.079179
0 0.345703 0.648827 0.076823 0.080645
0 0.278646 0.581378 0.083333 0.086510
0 0.187500 0.531525 0.072917 0.086510
0 0.455729 0.748534 0.080729 0.083578
0 0.586589 0.743402 0.082031 0.087977
0 0.658203 0.703812 0.069010 0.082111
0 0.754557 0.622434 0.092448 0.101173
0 0.618490 0.898094 0.101562 0.115836
0 0.557943 0.901760 0.071615 0.087977
0 0.386068 0.913490 0.084635 0.093842
0 0.335938 0.898827 0.067708 0.058651
0 0.044271 0.889296 0.070312 0.080645
0 0.081380 0.963343 0.082031 0.073314
0 0.136719 0.920821 0.085938 0.096774
0 0.182943 0.719941 0.069010 0.082111
0 0.084635 0.695015 0.059896 0.070381
0 0.227865 0.643695 0.072917 0.067449
0 0.248047 0.697214 0.050781 0.051320
0 0.347005 0.729472 0.084635 0.086510
0 0.551432 0.974340 0.066406 0.051320
0 0.624349 0.969208 0.082031 0.061584
0 0.921224 0.949413 0.118490 0.101173
0 0.696615 0.782991 0.083333 0.079179
0 0.774740 0.857771 0.088542 0.090909
0 0.751302 0.785924 0.070312 0.061584
0 0.912109 0.362903 0.076823 0.086510
0 0.154948 0.284457 0.072917 0.067449
0 0.924479 0.785924 0.072917 0.076246
0 0.796875 0.944282 0.062500 0.055718
0 0.843750 0.866569 0.067708 0.055718
0 0.430339 0.818915 0.084635 0.083578
0 0.338542 0.817449 0.109375 0.086510
0 0.068359 0.219208 0.074219 0.083578
