1 0.499740 0.265000 0.133854 0.205000
1 0.332292 0.256667 0.050000 0.071667
1 0.491146 0.535417 0.038542 0.057500
0 0.305990 0.305000 0.052604 0.070000
0 0.315625 0.166667 0.035417 0.051667
0 0.348438 0.184583 0.033333 0.052500
0 0.285417 0.254583 0.031250 0.064167
0 0.372917 0.167500 0.020833 0.050000
0 0.352344 0.157500 0.022396 0.030000
0 0.436458 0.499583 0.020833 0.032500
0 0.459115 0.466667 0.031771 0.043333
0 0.507552 0.476250 0.026562 0.045833
0 0.452604 0.428750 0.028125 0.032500
0 0.503906 0.628333 0.044271 0.050000
