1 0.301563 0.459583 0.060417 0.087500
1 0.651042 0.197500 0.066667 0.095000
1 0.639323 0.776250 0.099479 0.152500
1 0.706771 0.771250 0.052083 0.089167
1 0.680469 0.465000 0.116146 0.166667
1 0.487760 0.230417 0.086979 0.129167
1 0.446615 0.773750 0.042188 0.059167
1 0.493750 0.476667 0.040625 0.065000
1 0.292969 0.135833 0.019271 0.030000
1 0.317188 0.140833 0.014583 0.025000
1 0.338021 0.145000 0.019792 0.036667
1 0.363021 0.145833 0.020833 0.036667
1 0.390625 0.147500 0.021875 0.031667
1 0.287240 0.187083 0.016146 0.027500
1 0.312240 0.186250 0.015104 0.020833
1 0.331771 0.184583 0.016667 0.025833
1 0.358594 0.187917 0.018229 0.029167
1 0.387240 0.185833 0.018229 0.025000
1 0.280469 0.231667 0.015104 0.028333
0 0.637240 0.305417 0.068229 0.089167
0 0.605208 0.187917 0.042708 0.057500
0 0.657031 0.135417 0.043229 0.042500
0 0.703385 0.147083 0.049479 0.072500
