0 0.329427 0.105572 0.106771 0.114370
0 0.070964 0.084311 0.095052 0.118768
0 0.355469 0.221408 0.106771 0.120235
0 0.616536 0.140029 0.069010 0.095308
0 0.498698 0.214076 0.106771 0.120235
0 0.697266 0.233871 0.069010 0.077713
0 0.798828 0.243402 0.082031 0.096774
0 0.850911 0.211144 0.084635 0.090909
0 0.761068 0.346774 0.095052 0.107038
0 0.301432 0.391496 0.076823 0.117302
0 0.123698 0.444282 0.080729 0.102639
0 0.223307 0.518328 0.097656 0.101173
0 0.313802 0.593109 0.078125 0.095308
0 0.425130 0.607038 0.089844 0.096774
0 0.209635 0.668622 0.091146 0.111437
0 0.170573 0.601906 0.088542 0.098240
0 0.061849 0.461144 0.084635 0.098240
0 0.141927 0.791789 0.091146 0.108504
0 0.319661 0.847507 0.113281 0.117302
0 0.397135 0.887830 0.098958 0.109971
0 0.292969 0.777126 0.083333 0.079179
0 0.336589 0.730938 0.069010 0.063050
0 0.513021 0.764663 0.080729 0.083578
0 0.692057 0.710411 0.084635 0.092375
0 0.755208 0.616569 0.101562 0.095308
0 0.787760 0.725073 0.106771 0.092375
0 0.830729 0.820381 0.117188 0.145161
0 0.938151 0.939883 0.123698 0.120235
0 0.720703 0.967009 0.089844 0.065982
0 0.525391 0.956745 0.066406 0.071848
0 0.585938 0.962610 0.085938 0.074780
0 0.332682 0.505865 0.074219 0.073314
0 0.229818 0.961144 0.087240 0.077713
0 0.389323 0.309384 0.101562 0.096774
0 0.954427 0.104839 0.091146 0.127566
0 0.041016 0.560850 0.079427 0.095308
