0 0.447266 0.164223 0.087240 0.099707
0 0.602214 0.153959 0.100260 0.117302
0 0.733724 0.046188 0.084635 0.089443
0 0.840495 0.074780 0.089844 0.102639
0 0.870443 0.203079 0.084635 0.107038
0 0.421224 0.291789 0.084635 0.093842
0 0.582682 0.318182 0.087240 0.090909
0 0.753906 0.357771 0.088542 0.114370
0 0.842448 0.450147 0.138021 0.140762
0 0.222005 0.296188 0.113281 0.120235
0 0.105469 0.284457 0.096354 0.108504
0 0.043620 0.565249 0.084635 0.153959
0 0.401042 0.522727 0.106771 0.112903
0 0.554036 0.522727 0.100260 0.121701
0 0.562500 0.670821 0.101562 0.115836
0 0.564453 0.768328 0.128906 0.129032
0 0.420573 0.671554 0.093750 0.140762
0 0.720703 0.585777 0.097656 0.112903
0 0.729818 0.668622 0.087240 0.131965
0 0.737630 0.822581 0.118490 0.134897
0 0.958984 0.865836 0.082031 0.109971
0 0.261068 0.957478 0.102865 0.085044
0 0.199219 0.591642 0.101562 0.104106
0 0.131510 0.806452 0.075521 0.082111
