0 0.122396 0.164956 0.148438 0.145161
0 0.238281 0.096041 0.132812 0.139296
0 0.353516 0.059384 0.141927 0.115836
0 0.464844 0.087977 0.117188 0.117302
0 0.572266 0.147361 0.141927 0.145161
0 0.886719 0.217009 0.166667 0.181818
0 0.314453 0.250733 0.160156 0.167155
0 0.153646 0.313783 0.101562 0.105572
0 0.265625 0.363636 0.088542 0.082111
0 0.478516 0.227273 0.162760 0.131965
0 0.508464 0.366569 0.115885 0.137830
0 0.803385 0.353372 0.148438 0.170088
0 0.198568 0.576979 0.178385 0.165689
0 0.347005 0.526393 0.115885 0.123167
0 0.494792 0.559384 0.151042 0.133431
0 0.375000 0.763196 0.145833 0.142229
0 0.752604 0.584311 0.138021 0.107038
0 0.917318 0.458944 0.165365 0.155425
0 0.710938 0.789589 0.177083 0.136364
0 0.898438 0.592375 0.132812 0.134897
0 0.108724 0.506598 0.121094 0.136364
0 0.587240 0.835044 0.109375 0.101173
0 0.645833 0.952346 0.106771 0.095308
0 0.917969 0.785191 0.132812 0.127566
0 0.807943 0.927419 0.136719 0.104106
0 0.640625 0.136364 0.106771 0.131965
