0 0.149089 0.070381 0.089844 0.087977
0 0.147135 0.159824 0.117188 0.096774
0 0.066406 0.263196 0.117188 0.109971
0 0.439453 0.067449 0.076823 0.079179
0 0.702474 0.185484 0.102865 0.089443
0 0.629557 0.231672 0.084635 0.090909
0 0.738932 0.375367 0.069010 0.079179
0 0.500000 0.313050 0.078125 0.077713
0 0.377604 0.421554 0.075521 0.095308
0 0.464193 0.453079 0.076823 0.105572
0 0.815755 0.494868 0.084635 0.083578
0 0.917318 0.469208 0.092448 0.090909
0 0.951172 0.376100 0.069010 0.060117
0 0.882812 0.680352 0.109375 0.120235
0 0.808594 0.705279 0.106771 0.114370
0 0.494792 0.481672 0.104167 0.083578
0 0.341797 0.602639 0.063802 0.067449
0 0.544922 0.796921 0.082031 0.092375
0 0.584635 0.840176 0.098958 0.087977
0 0.683594 0.865836 0.106771 0.098240
0 0.728516 0.895894 0.071615 0.085044
0 0.782552 0.934751 0.075521 0.071848
0 0.847656 0.865103 0.083333 0.067449
0 0.893880 0.799853 0.079427 0.080645
0 0.953776 0.840909 0.092448 0.112903
0 0.862630 0.961877 0.079427 0.070381
0 0.728516 0.728739 0.074219 0.087977
0 0.468099 0.844575 0.115885 0.105572
0 0.643880 0.784457 0.087240 0.079179
