0 0.183594 0.203812 0.070312 0.090909
0 0.039062 0.159824 0.067708 0.076246
0 0.208984 0.047654 0.082031 0.089443
0 0.264974 0.104839 0.074219 0.092375
0 0.270833 0.350440 0.075521 0.105572
0 0.330729 0.315982 0.075521 0.095308
0 0.426432 0.336510 0.069010 0.074780
0 0.550781 0.347507 0.070312 0.070381
0 0.696615 0.362170 0.088542 0.108504
0 0.774089 0.400293 0.084635 0.090909
0 0.039714 0.340176 0.063802 0.096774
0 0.086589 0.398094 0.074219 0.083578
0 0.125000 0.593842 0.062500 0.087977
0 0.263672 0.475806 0.074219 0.074780
0 0.563151 0.517595 0.061198 0.082111
0 0.621745 0.560117 0.066406 0.082111
0 0.697917 0.491935 0.104167 0.112903
0 0.543620 0.728739 0.089844 0.087977
0 0.526042 0.892962 0.085938 0.105572
0 0.639974 0.931085 0.097656 0.102639
0 0.928385 0.342375 0.088542 0.112903
0 0.807943 0.782258 0.102865 0.121701
0 0.853516 0.628299 0.058594 0.063050
0 0.138021 0.748534 0.075521 0.089443
0 0.235677 0.673754 0.078125 0.080645
0 0.272135 0.594575 0.072917 0.101173
0 0.061198 0.866569 0.067708 0.093842
0 0.128255 0.870235 0.071615 0.080645
0 0.229167 0.960411 0.080729 0.079179
0 0.290365 0.786657 0.067708 0.080645
0 0.328125 0.875367 0.098958 0.117302
0 0.465495 0.903226 0.082031 0.090909
0 0.441406 0.699413 0.072917 0.087977
0 0.425130 0.777126 0.071615 0.079179
