0 0.370443 0.080645 0.136719 0.108504
0 0.219401 0.158358 0.102865 0.108504
0 0.667969 0.279326 0.153646 0.148094
0 0.565755 0.173021 0.097656 0.123167
0 0.052083 0.238270 0.101562 0.109971
0 0.097656 0.051320 0.127604 0.099707
0 0.192057 0.060117 0.113281 0.099707
0 0.351562 0.395894 0.093750 0.099707
0 0.265625 0.430352 0.117188 0.124633
0 0.432943 0.416422 0.105469 0.105572
0 0.547526 0.477273 0.108073 0.121701
0 0.139323 0.871701 0.117188 0.086510
0 0.042318 0.559384 0.082031 0.130499
0 0.133464 0.579179 0.076823 0.079179
0 0.271484 0.565249 0.110677 0.104106
0 0.355469 0.608504 0.080729 0.093842
0 0.243490 0.282991 0.059896 0.064516
0 0.289062 0.200147 0.093750 0.092375
0 0.526693 0.052053 0.175781 0.101173
0 0.780599 0.101173 0.115885 0.114370
0 0.695964 0.191349 0.134115 0.139296
0 0.893229 0.378299 0.091146 0.093842
