0 0.239583 0.273460 0.148438 0.151026
0 0.358724 0.104839 0.123698 0.130499
0 0.089193 0.230205 0.105469 0.082111
0 0.065104 0.049853 0.117188 0.096774
0 0.600260 0.099707 0.164062 0.175953
0 0.706380 0.216276 0.118490 0.142229
0 0.768229 0.126100 0.140625 0.131965
0 0.809245 0.359971 0.108073 0.121701
0 0.836589 0.486070 0.118490 0.127566
0 0.836589 0.230205 0.115885 0.134897
0 0.805339 0.052786 0.115885 0.102639
0 0.884766 0.126100 0.100260 0.111437
0 0.423828 0.226540 0.082031 0.086510
0 0.460286 0.343109 0.084635 0.085044
0 0.235026 0.413490 0.121094 0.111437
0 0.118490 0.328446 0.083333 0.090909
0 0.060547 0.524194 0.087240 0.101173
0 0.136068 0.475073 0.063802 0.082111
0 0.188802 0.566716 0.093750 0.092375
0 0.402344 0.434018 0.132812 0.126100
0 0.425781 0.549853 0.140625 0.152493
0 0.582682 0.572581 0.128906 0.151026
0 0.508464 0.672287 0.121094 0.121701
0 0.608073 0.697214 0.122396 0.104106
0 0.602865 0.799853 0.138021 0.136364
0 0.707031 0.828446 0.143229 0.111437
0 0.286458 0.669355 0.130208 0.142229
0 0.358724 0.946481 0.113281 0.098240
0 0.720703 0.664223 0.079427 0.090909
0 0.702474 0.510997 0.126302 0.107038
0 0.836589 0.630499 0.100260 0.099707
0 0.921224 0.629032 0.105469 0.134897
0 0.905599 0.755132 0.102865 0.093842
0 0.773438 0.725806 0.111979 0.126100
0 0.824870 0.920821 0.061198 0.058651
0 0.759115 0.950147 0.078125 0.073314
0 0.618490 0.944282 0.125000 0.099707
0 0.272135 0.799120 0.119792 0.120235
0 0.156901 0.065982 0.071615 0.070381
0 0.908854 0.849707 0.111979 0.107038
0 0.846354 0.849707 0.098958 0.086510
