0 0.224609 0.167155 0.113281 0.120235
0 0.389974 0.203079 0.095052 0.112903
0 0.673828 0.075513 0.100260 0.077713
0 0.482422 0.071114 0.105469 0.089443
0 0.288411 0.135630 0.084635 0.089443
0 0.132812 0.344575 0.104167 0.102639
0 0.804036 0.335044 0.089844 0.101173
0 0.433594 0.389296 0.085938 0.074780
0 0.386719 0.486070 0.091146 0.077713
0 0.750000 0.551320 0.072917 0.099707
0 0.724609 0.655425 0.092448 0.108504
0 0.792969 0.712610 0.083333 0.090909
0 0.307292 0.672287 0.114583 0.098240
0 0.400391 0.796921 0.100260 0.086510
0 0.576172 0.873900 0.074219 0.082111
0 0.102865 0.734604 0.104167 0.070381
0 0.035156 0.488270 0.067708 0.073314
0 0.065104 0.382698 0.085938 0.085044
0 0.964844 0.374633 0.070312 0.095308
0 0.903646 0.068915 0.085938 0.076246
0 0.385417 0.557918 0.085938 0.092375
0 0.466797 0.602639 0.095052 0.105572
