0 0.412760 0.131232 0.096354 0.104106
0 0.205729 0.079912 0.093750 0.086510
0 0.103516 0.126833 0.053385 0.054252
0 0.043620 0.098240 0.079427 0.087977
0 0.690755 0.112903 0.082031 0.070381
0 0.627604 0.035924 0.075521 0.068915
0 0.738932 0.058651 0.061198 0.067449
0 0.958333 0.128299 0.083333 0.104106
0 0.526042 0.275660 0.111979 0.117302
0 0.283854 0.462610 0.106771 0.124633
0 0.304688 0.186217 0.083333 0.082111
0 0.493490 0.522727 0.104167 0.112903
0 0.406901 0.600440 0.089844 0.092375
0 0.509766 0.637830 0.079427 0.082111
0 0.735026 0.540323 0.102865 0.107038
0 0.773438 0.452346 0.075521 0.092375
0 0.886719 0.513930 0.072917 0.089443
0 0.884115 0.606305 0.080729 0.063050
0 0.106120 0.553519 0.118490 0.095308
0 0.186198 0.640029 0.085938 0.071848
0 0.231771 0.741202 0.101562 0.109971
0 0.285807 0.935484 0.123698 0.129032
0 0.841146 0.837243 0.104167 0.102639
0 0.949219 0.716276 0.072917 0.098240
0 0.850260 0.725806 0.085938 0.087977
0 0.656250 0.184018 0.070312 0.095308
0 0.201823 0.374633 0.125000 0.118768
