1 0.349740 0.447500 0.058854 0.093333
1 0.326042 0.728750 0.085417 0.129167
1 0.476042 0.233750 0.112500 0.144167
1 0.660937 0.201667 0.100000 0.191667
0 0.663021 0.725000 0.028125 0.043333
0 0.711198 0.620000 0.032813 0.035000
1 0.650521 0.644583 0.016667 0.025833
1 0.639323 0.689167 0.019271 0.023333
1 0.647396 0.783333 0.017708 0.031667
0 0.657292 0.799583 0.021875 0.032500
0 0.727083 0.789167 0.022917 0.050000
0 0.716146 0.713333 0.015625 0.025000
1 0.695052 0.700417 0.016146 0.027500
0 0.717448 0.691250 0.016146 0.024167
0 0.700260 0.786250 0.015104 0.025833
0 0.704427 0.828333 0.028646 0.033333
0 0.623437 0.811667 0.025000 0.036667
