1 0.356771 0.795417 0.055208 0.085833
1 0.381771 0.866667 0.048958 0.080000
1 0.296875 0.793750 0.053125 0.069167
1 0.327865 0.866667 0.034896 0.061667
1 0.271615 0.854583 0.043229 0.067500
1 0.679948 0.592500 0.097396 0.150000
1 0.457292 0.559583 0.036458 0.042500
1 0.494271 0.564583 0.033333 0.047500
1 0.648438 0.337500 0.039583 0.061667
0 0.613281 0.352083 0.025521 0.040833
1 0.614062 0.273333 0.022917 0.035000
1 0.654427 0.290000 0.032813 0.053333
0 0.643490 0.384167 0.023438 0.031667
0 0.630469 0.237917 0.018229 0.022500
0 0.703646 0.393750 0.015625 0.025833
0 0.641667 0.200000 0.019792 0.028333
