1 0.339583 0.807083 0.019792 0.025833
1 0.339583 0.512083 0.043750 0.055833
0 0.675521 0.446250 0.037500 0.055833
0 0.679167 0.521250 0.031250 0.044167
0 0.680208 0.487083 0.045833 0.065833
0 0.660417 0.400000 0.040625 0.048333
0 0.625521 0.527917 0.051042 0.094167
0 0.364062 0.795417 0.018750 0.027500
0 0.324219 0.729583 0.018229 0.025833
0 0.310156 0.727917 0.018229 0.030833
0 0.296875 0.729167 0.019792 0.026667
0 0.277604 0.663333 0.018750 0.038333
0 0.405990 0.787917 0.011979 0.019167
0 0.396615 0.788750 0.013021 0.022500
0 0.333073 0.834167 0.015104 0.025000
0 0.314063 0.794583 0.012500 0.020833
0 0.398958 0.692917 0.014583 0.020833
0 0.395052 0.767500 0.011979 0.025000
0 0.385677 0.765000 0.009896 0.016667
0 0.395833 0.714583 0.011458 0.015833
