1 0.660417 0.192917 0.019792 0.025833
1 0.660417 0.487917 0.043750 0.055833
0 0.324479 0.553750 0.037500 0.055833
0 0.320833 0.478750 0.031250 0.044167
0 0.319792 0.512917 0.045833 0.065833
0 0.339583 0.600000 0.040625 0.048333
0 0.374479 0.472083 0.051042 0.094167
0 0.635938 0.204583 0.018750 0.027500
0 0.675781 0.270417 0.018229 0.025833
0 0.689844 0.272083 0.018229 0.030833
0 0.703125 0.270833 0.019792 0.026667
0 0.722396 0.336667 0.018750 0.038333
0 0.594010 0.212083 0.011979 0.019167
0 0.603385 0.211250 0.013021 0.022500
0 0.666927 0.165833 0.015104 0.025000
0 0.685937 0.205417 0.012500 0.020833
0 0.601042 0.307083 0.014583 0.020833
0 0.604948 0.232500 0.011979 0.025000
0 0.614323 0.235000 0.009896 0.016667
0 0.604167 0.285417 0.011458 0.015833
