1 0.807083 0.660417 0.025833 0.019792
1 0.512083 0.660417 0.055833 0.043750
0 0.446250 0.324479 0.055833 0.037500
0 0.521250 0.320833 0.044167 0.031250
0 0.487083 0.319792 0.065833 0.045833
0 0.400000 0.339583 0.048333 0.040625
0 0.527917 0.374479 0.094167 0.051042
0 0.795417 0.635938 0.027500 0.018750
0 0.729583 0.675781 0.025833 0.018229
0 0.727917 0.689844 0.030833 0.018229
0 0.729167 0.703125 0.026667 0.019792
0 0.663333 0.722396 0.038333 0.018750
0 0.787917 0.594010 0.019167 0.011979
0 0.788750 0.603385 0.022500 0.013021
0 0.834167 0.666927 0.025000 0.015104
0 0.794583 0.685937 0.020833 0.012500
0 0.692917 0.601042 0.020833 0.014583
0 0.767500 0.604948 0.025000 0.011979
0 0.765000 0.614323 0.016667 0.009896
0 0.714583 0.604167 0.015833 0.011458
