1 0.192917 0.339583 0.025833 0.019792
1 0.487917 0.339583 0.055833 0.043750
0 0.553750 0.675521 0.055833 0.037500
0 0.478750 0.679167 0.044167 0.031250
0 0.512917 0.680208 0.065833 0.045833
0 0.600000 0.660417 0.048333 0.040625
0 0.472083 0.625521 0.094167 0.051042
0 0.204583 0.364062 0.027500 0.018750
0 0.270417 0.324219 0.025833 0.018229
0 0.272083 0.310156 0.030833 0.018229
0 0.270833 0.296875 0.026667 0.019792
0 0.336667 0.277604 0.038333 0.018750
0 0.212083 0.405990 0.019167 0.011979
0 0.211250 0.396615 0.022500 0.013021
0 0.165833 0.333073 0.025000 0.015104
0 0.205417 0.314063 0.020833 0.012500
0 0.307083 0.398958 0.020833 0.014583
0 0.232500 0.395052 0.025000 0.011979
0 0.235000 0.385677 0.016667 0.009896
0 0.285417 0.395833 0.015833 0.011458
