1 0.503385 0.571667 0.086979 0.095000
1 0.356510 0.532083 0.101562 0.155833
1 0.292708 0.323333 0.058333 0.095000
1 0.499479 0.749167 0.028125 0.055000
1 0.660938 0.462500 0.034375 0.055000
1 0.725521 0.340000 0.034375 0.051667
1 0.671354 0.332500 0.031250 0.048333
1 0.621875 0.342083 0.032292 0.047500
1 0.621615 0.249583 0.027604 0.044167
1 0.724219 0.244583 0.031771 0.052500
1 0.722656 0.175833 0.025521 0.045000
1 0.672917 0.164583 0.029167 0.040833
1 0.620833 0.177083 0.030208 0.049167
1 0.709896 0.466667 0.025000 0.036667
