1 0.481771 0.531250 0.033333 0.059167
1 0.655469 0.278750 0.084896 0.112500
1 0.331250 0.279167 0.147917 0.233333
1 0.514844 0.271667 0.110937 0.230000
1 0.505990 0.570000 0.026562 0.050000
0 0.524219 0.449583 0.035937 0.055833
0 0.557292 0.634583 0.023958 0.052500
0 0.436979 0.486250 0.029167 0.042500
0 0.544271 0.453333 0.022917 0.043333
0 0.610677 0.499167 0.033854 0.053333
0 0.625781 0.643333 0.027604 0.043333
0 0.622917 0.578333 0.036458 0.050000
0 0.701562 0.530833 0.040625 0.053333
0 0.682292 0.460417 0.053125 0.077500
0 0.644010 0.517500 0.034896 0.063333
0 0.672396 0.621667 0.021875 0.033333
