1 0.670833 0.793333 0.111458 0.156667
1 0.505729 0.243750 0.048958 0.064167
1 0.672917 0.253750 0.034375 0.057500
1 0.337760 0.510833 0.067187 0.093333
0 0.390104 0.573333 0.040625 0.091667
0 0.339583 0.600833 0.037500 0.051667
0 0.363542 0.451250 0.036458 0.059167
0 0.505469 0.316667 0.035937 0.038333
0 0.635677 0.248750 0.036979 0.057500
0 0.517708 0.193333 0.035417 0.043333
0 0.535938 0.142083 0.040625 0.035833
0 0.441406 0.231667 0.018229 0.043333
0 0.465365 0.246667 0.035937 0.068333
1 0.529687 0.820000 0.030208 0.070000
1 0.527344 0.742917 0.042188 0.080833
1 0.565365 0.742917 0.030729 0.060833
1 0.562240 0.818333 0.036979 0.063333
1 0.492708 0.851250 0.018750 0.029167
1 0.462760 0.838750 0.020313 0.034167
1 0.440625 0.837500 0.025000 0.036667
1 0.479427 0.785000 0.020313 0.033333
1 0.447135 0.766667 0.024479 0.040000
1 0.448438 0.722500 0.026042 0.041667
1 0.488542 0.744167 0.027083 0.036667
