1 0.534167 0.675260 0.058333 0.043229
1 0.759583 0.507812 0.207500 0.119792
1 0.505417 0.512760 0.080833 0.063021
1 0.491250 0.332812 0.022500 0.014583
0 0.565833 0.397656 0.045000 0.026562
0 0.492083 0.279687 0.042500 0.023958
0 0.407500 0.330469 0.028333 0.018229
0 0.457500 0.339063 0.025000 0.017708
0 0.443333 0.323177 0.028333 0.018229
0 0.405417 0.366146 0.027500 0.017708
0 0.555833 0.360677 0.018333 0.014063
0 0.565833 0.349740 0.023333 0.019271
0 0.486250 0.381510 0.029167 0.021354
0 0.422083 0.274740 0.027500 0.016146
0 0.424583 0.343229 0.022500 0.013542
0 0.452500 0.271354 0.028333 0.017708
