1 0.505729 0.205833 0.152083 0.180000
1 0.520313 0.390833 0.084375 0.131667
1 0.503385 0.508333 0.090104 0.116667
1 0.345833 0.438750 0.079167 0.124167
1 0.550260 0.687500 0.048438 0.091667
1 0.656510 0.701250 0.048438 0.067500
1 0.714583 0.443750 0.055208 0.085833
1 0.673958 0.465417 0.042708 0.082500
0 0.722135 0.740833 0.038021 0.063333
1 0.656771 0.274583 0.026042 0.049167
1 0.621875 0.236250 0.030208 0.054167
1 0.679167 0.178750 0.028125 0.042500
1 0.613802 0.192083 0.034896 0.047500
1 0.691146 0.092917 0.030208 0.052500
1 0.658073 0.099583 0.031771 0.044167
1 0.711719 0.180000 0.020313 0.041667
0 0.711458 0.612083 0.023958 0.034167
0 0.727604 0.630833 0.022917 0.040000
0 0.685937 0.800417 0.041667 0.072500
0 0.515625 0.698750 0.031250 0.059167
0 0.499479 0.805000 0.039583 0.061667
0 0.454167 0.620417 0.045833 0.052500
