1 0.571667 0.496615 0.095000 0.086979
1 0.532083 0.643490 0.155833 0.101562
1 0.323333 0.707292 0.095000 0.058333
1 0.749167 0.500521 0.055000 0.028125
1 0.462500 0.339062 0.055000 0.034375
1 0.340000 0.274479 0.051667 0.034375
1 0.332500 0.328646 0.048333 0.031250
1 0.342083 0.378125 0.047500 0.032292
1 0.249583 0.378385 0.044167 0.027604
1 0.244583 0.275781 0.052500 0.031771
1 0.175833 0.277344 0.045000 0.025521
1 0.164583 0.327083 0.040833 0.029167
1 0.177083 0.379167 0.049167 0.030208
1 0.466667 0.290104 0.036667 0.025000
