1 0.652865 0.190417 0.109896 0.170833
0 0.466667 0.833750 0.056250 0.079167
1 0.478906 0.765417 0.031771 0.042500
0 0.520052 0.830417 0.032813 0.049167
0 0.526042 0.782917 0.022917 0.044167
0 0.554948 0.827917 0.031771 0.054167
0 0.434896 0.775000 0.029167 0.043333
0 0.450781 0.403333 0.017188 0.025000
0 0.465625 0.467500 0.015625 0.021667
0 0.463021 0.493750 0.018750 0.029167
0 0.478646 0.463750 0.015625 0.024167
0 0.491927 0.473333 0.017188 0.025000
1 0.521615 0.509167 0.017188 0.025000
0 0.471615 0.576250 0.015104 0.019167
0 0.565104 0.570000 0.013542 0.023333
0 0.516667 0.596667 0.013542 0.020000
