1 0.794167 0.505729 0.180000 0.152083
1 0.609167 0.520313 0.131667 0.084375
1 0.491667 0.503385 0.116667 0.090104
1 0.561250 0.345833 0.124167 0.079167
1 0.312500 0.550260 0.091667 0.048438
1 0.298750 0.656510 0.067500 0.048438
1 0.556250 0.714583 0.085833 0.055208
1 0.534583 0.673958 0.082500 0.042708
0 0.259167 0.722135 0.063333 0.038021
1 0.725417 0.656771 0.049167 0.026042
1 0.763750 0.621875 0.054167 0.030208
1 0.821250 0.679167 0.042500 0.028125
1 0.807917 0.613802 0.047500 0.034896
1 0.907083 0.691146 0.052500 0.030208
1 0.900417 0.658073 0.044167 0.031771
1 0.820000 0.711719 0.041667 0.020313
0 0.387917 0.711458 0.034167 0.023958
0 0.369167 0.727604 0.040000 0.022917
0 0.199583 0.685937 0.072500 0.041667
0 0.301250 0.515625 0.059167 0.031250
0 0.195000 0.499479 0.061667 0.039583
0 0.379583 0.454167 0.052500 0.045833
