1 0.205833 0.494271 0.180000 0.152083
1 0.390833 0.479687 0.131667 0.084375
1 0.508333 0.496615 0.116667 0.090104
1 0.438750 0.654167 0.124167 0.079167
1 0.687500 0.449740 0.091667 0.048438
1 0.701250 0.343490 0.067500 0.048438
1 0.443750 0.285417 0.085833 0.055208
1 0.465417 0.326042 0.082500 0.042708
0 0.740833 0.277865 0.063333 0.038021
1 0.274583 0.343229 0.049167 0.026042
1 0.236250 0.378125 0.054167 0.030208
1 0.178750 0.320833 0.042500 0.028125
1 0.192083 0.386198 0.047500 0.034896
1 0.092917 0.308854 0.052500 0.030208
1 0.099583 0.341927 0.044167 0.031771
1 0.180000 0.288281 0.041667 0.020313
0 0.612083 0.288542 0.034167 0.023958
0 0.630833 0.272396 0.040000 0.022917
0 0.800417 0.314063 0.072500 0.041667
0 0.698750 0.484375 0.059167 0.031250
0 0.805000 0.500521 0.061667 0.039583
0 0.620417 0.545833 0.052500 0.045833
