1 0.643229 0.204583 0.055208 0.085833
1 0.618229 0.133333 0.048958 0.080000
1 0.703125 0.206250 0.053125 0.069167
1 0.672135 0.133333 0.034896 0.061667
1 0.728385 0.145417 0.043229 0.067500
1 0.320052 0.407500 0.097396 0.150000
1 0.542708 0.440417 0.036458 0.042500
1 0.505729 0.435417 0.033333 0.047500
1 0.351562 0.662500 0.039583 0.061667
0 0.386719 0.647917 0.025521 0.040833
1 0.385938 0.726667 0.022917 0.035000
1 0.345573 0.710000 0.032813 0.053333
0 0.356510 0.615833 0.023438 0.031667
0 0.369531 0.762083 0.018229 0.022500
0 0.296354 0.606250 0.015625 0.025833
0 0.358333 0.800000 0.019792 0.028333
