1 0.329167 0.206667 0.111458 0.156667
1 0.494271 0.756250 0.048958 0.064167
1 0.327083 0.746250 0.034375 0.057500
1 0.662240 0.489167 0.067187 0.093333
0 0.609896 0.426667 0.040625 0.091667
0 0.660417 0.399167 0.037500 0.051667
0 0.636458 0.548750 0.036458 0.059167
0 0.494531 0.683333 0.035937 0.038333
0 0.364323 0.751250 0.036979 0.057500
0 0.482292 0.806667 0.035417 0.043333
0 0.464062 0.857917 0.040625 0.035833
0 0.558594 0.768333 0.018229 0.043333
0 0.534635 0.753333 0.035937 0.068333
1 0.470313 0.180000 0.030208 0.070000
1 0.472656 0.257083 0.042188 0.080833
1 0.434635 0.257083 0.030729 0.060833
1 0.437760 0.181667 0.036979 0.063333
1 0.507292 0.148750 0.018750 0.029167
1 0.537240 0.161250 0.020313 0.034167
1 0.559375 0.162500 0.025000 0.036667
1 0.520573 0.215000 0.020313 0.033333
1 0.552865 0.233333 0.024479 0.040000
1 0.551562 0.277500 0.026042 0.041667
1 0.511458 0.255833 0.027083 0.036667
