1 0.468750 0.481771 0.059167 0.033333
1 0.721250 0.655469 0.112500 0.084896
1 0.720833 0.331250 0.233333 0.147917
1 0.728333 0.514844 0.230000 0.110937
1 0.430000 0.505990 0.050000 0.026562
0 0.550417 0.524219 0.055833 0.035937
0 0.365417 0.557292 0.052500 0.023958
0 0.513750 0.436979 0.042500 0.029167
0 0.546667 0.544271 0.043333 0.022917
0 0.500833 0.610677 0.053333 0.033854
0 0.356667 0.625781 0.043333 0.027604
0 0.421667 0.622917 0.050000 0.036458
0 0.469167 0.701562 0.053333 0.040625
0 0.539583 0.682292 0.077500 0.053125
0 0.482500 0.644010 0.063333 0.034896
0 0.378333 0.672396 0.033333 0.021875
