1 0.531250 0.518229 0.059167 0.033333
1 0.278750 0.344531 0.112500 0.084896
1 0.279167 0.668750 0.233333 0.147917
1 0.271667 0.485156 0.230000 0.110937
1 0.570000 0.494010 0.050000 0.026562
0 0.449583 0.475781 0.055833 0.035937
0 0.634583 0.442708 0.052500 0.023958
0 0.486250 0.563021 0.042500 0.029167
0 0.453333 0.455729 0.043333 0.022917
0 0.499167 0.389323 0.053333 0.033854
0 0.643333 0.374219 0.043333 0.027604
0 0.578333 0.377083 0.050000 0.036458
0 0.530833 0.298438 0.053333 0.040625
0 0.460417 0.317708 0.077500 0.053125
0 0.517500 0.355990 0.063333 0.034896
0 0.621667 0.327604 0.033333 0.021875
