1 0.347135 0.809583 0.109896 0.170833
0 0.533333 0.166250 0.056250 0.079167
1 0.521094 0.234583 0.031771 0.042500
0 0.479948 0.169583 0.032813 0.049167
0 0.473958 0.217083 0.022917 0.044167
0 0.445052 0.172083 0.031771 0.054167
0 0.565104 0.225000 0.029167 0.043333
0 0.549219 0.596667 0.017188 0.025000
0 0.534375 0.532500 0.015625 0.021667
0 0.536979 0.506250 0.018750 0.029167
0 0.521354 0.536250 0.015625 0.024167
0 0.508073 0.526667 0.017188 0.025000
1 0.478385 0.490833 0.017188 0.025000
0 0.528385 0.423750 0.015104 0.019167
0 0.434896 0.430000 0.013542 0.023333
0 0.483333 0.403333 0.013542 0.020000
