1 0.496615 0.428333 0.086979 0.095000
1 0.643490 0.467917 0.101562 0.155833
1 0.707292 0.676667 0.058333 0.095000
1 0.500521 0.250833 0.028125 0.055000
1 0.339062 0.537500 0.034375 0.055000
1 0.274479 0.660000 0.034375 0.051667
1 0.328646 0.667500 0.031250 0.048333
1 0.378125 0.657917 0.032292 0.047500
1 0.378385 0.750417 0.027604 0.044167
1 0.275781 0.755417 0.031771 0.052500
1 0.277344 0.824167 0.025521 0.045000
1 0.327083 0.835417 0.029167 0.040833
1 0.379167 0.822917 0.030208 0.049167
1 0.290104 0.533333 0.025000 0.036667
