1 0.272917 0.498750 0.033333 0.047500
1 0.319792 0.505417 0.033333 0.060833
1 0.355990 0.527500 0.040104 0.051667
0 0.491667 0.732500 0.019792 0.030000
0 0.430990 0.710833 0.016146 0.023333
0 0.547656 0.713333 0.017188 0.030000
0 0.513281 0.724583 0.016146 0.017500
0 0.445833 0.817500 0.020833 0.031667
0 0.463281 0.800417 0.017188 0.025833
0 0.460677 0.815000 0.013021 0.020000
0 0.516146 0.837917 0.012500 0.025833
0 0.498958 0.784167 0.015625 0.026667
0 0.526042 0.737083 0.016667 0.029167
0 0.464583 0.864167 0.016667 0.028333
0 0.439063 0.894583 0.014583 0.024167
0 0.446615 0.839583 0.013021 0.024167
0 0.561458 0.886250 0.017708 0.034167
0 0.484635 0.814583 0.010937 0.015833
1 0.506510 0.750417 0.016146 0.034167
