1 0.494271 0.794167 0.152083 0.180000
1 0.479687 0.609167 0.084375 0.131667
1 0.496615 0.491667 0.090104 0.116667
1 0.654167 0.561250 0.079167 0.124167
1 0.449740 0.312500 0.048438 0.091667
1 0.343490 0.298750 0.048438 0.067500
1 0.285417 0.556250 0.055208 0.085833
1 0.326042 0.534583 0.042708 0.082500
0 0.277865 0.259167 0.038021 0.063333
1 0.343229 0.725417 0.026042 0.049167
1 0.378125 0.763750 0.030208 0.054167
1 0.320833 0.821250 0.028125 0.042500
1 0.386198 0.807917 0.034896 0.047500
1 0.308854 0.907083 0.030208 0.052500
1 0.341927 0.900417 0.031771 0.044167
1 0.288281 0.820000 0.020313 0.041667
0 0.288542 0.387917 0.023958 0.034167
0 0.272396 0.369167 0.022917 0.040000
0 0.314063 0.199583 0.041667 0.072500
0 0.484375 0.301250 0.031250 0.059167
0 0.500521 0.195000 0.039583 0.061667
0 0.545833 0.379583 0.045833 0.052500
