1 0.501250 0.272917 0.047500 0.033333
1 0.494583 0.319792 0.060833 0.033333
1 0.472500 0.355990 0.051667 0.040104
0 0.267500 0.491667 0.030000 0.019792
0 0.289167 0.430990 0.023333 0.016146
0 0.286667 0.547656 0.030000 0.017188
0 0.275417 0.513281 0.017500 0.016146
0 0.182500 0.445833 0.031667 0.020833
0 0.199583 0.463281 0.025833 0.017188
0 0.185000 0.460677 0.020000 0.013021
0 0.162083 0.516146 0.025833 0.012500
0 0.215833 0.498958 0.026667 0.015625
0 0.262917 0.526042 0.029167 0.016667
0 0.135833 0.464583 0.028333 0.016667
0 0.105417 0.439063 0.024167 0.014583
0 0.160417 0.446615 0.024167 0.013021
0 0.113750 0.561458 0.034167 0.017708
0 0.185417 0.484635 0.015833 0.010937
1 0.249583 0.506510 0.034167 0.016146
