1 0.428333 0.503385 0.095000 0.086979
1 0.467917 0.356510 0.155833 0.101562
1 0.676667 0.292708 0.095000 0.058333
1 0.250833 0.499479 0.055000 0.028125
1 0.537500 0.660938 0.055000 0.034375
1 0.660000 0.725521 0.051667 0.034375
1 0.667500 0.671354 0.048333 0.031250
1 0.657917 0.621875 0.047500 0.032292
1 0.750417 0.621615 0.044167 0.027604
1 0.755417 0.724219 0.052500 0.031771
1 0.824167 0.722656 0.045000 0.025521
1 0.835417 0.672917 0.040833 0.029167
1 0.822917 0.620833 0.049167 0.030208
1 0.533333 0.709896 0.036667 0.025000
