1 0.498750 0.727083 0.047500 0.033333
1 0.505417 0.680208 0.060833 0.033333
1 0.527500 0.644010 0.051667 0.040104
0 0.732500 0.508333 0.030000 0.019792
0 0.710833 0.569010 0.023333 0.016146
0 0.713333 0.452344 0.030000 0.017188
0 0.724583 0.486719 0.017500 0.016146
0 0.817500 0.554167 0.031667 0.020833
0 0.800417 0.536719 0.025833 0.017188
0 0.815000 0.539323 0.020000 0.013021
0 0.837917 0.483854 0.025833 0.012500
0 0.784167 0.501042 0.026667 0.015625
0 0.737083 0.473958 0.029167 0.016667
0 0.864167 0.535417 0.028333 0.016667
0 0.894583 0.560937 0.024167 0.014583
0 0.839583 0.553385 0.024167 0.013021
0 0.886250 0.438542 0.034167 0.017708
0 0.814583 0.515365 0.015833 0.010937
1 0.750417 0.493490 0.034167 0.016146
