1 0.793333 0.329167 0.156667 0.111458
1 0.243750 0.494271 0.064167 0.048958
1 0.253750 0.327083 0.057500 0.034375
1 0.510833 0.662240 0.093333 0.067187
0 0.573333 0.609896 0.091667 0.040625
0 0.600833 0.660417 0.051667 0.037500
0 0.451250 0.636458 0.059167 0.036458
0 0.316667 0.494531 0.038333 0.035937
0 0.248750 0.364323 0.057500 0.036979
0 0.193333 0.482292 0.043333 0.035417
0 0.142083 0.464062 0.035833 0.040625
0 0.231667 0.558594 0.043333 0.018229
0 0.246667 0.534635 0.068333 0.035937
1 0.820000 0.470313 0.070000 0.030208
1 0.742917 0.472656 0.080833 0.042188
1 0.742917 0.434635 0.060833 0.030729
1 0.818333 0.437760 0.063333 0.036979
1 0.851250 0.507292 0.029167 0.018750
1 0.838750 0.537240 0.034167 0.020313
1 0.837500 0.559375 0.036667 0.025000
1 0.785000 0.520573 0.033333 0.020313
1 0.766667 0.552865 0.040000 0.024479
1 0.722500 0.551562 0.041667 0.026042
1 0.744167 0.511458 0.036667 0.027083
