1 0.206667 0.670833 0.156667 0.111458
1 0.756250 0.505729 0.064167 0.048958
1 0.746250 0.672917 0.057500 0.034375
1 0.489167 0.337760 0.093333 0.067187
0 0.426667 0.390104 0.091667 0.040625
0 0.399167 0.339583 0.051667 0.037500
0 0.548750 0.363542 0.059167 0.036458
0 0.683333 0.505469 0.038333 0.035937
0 0.751250 0.635677 0.057500 0.036979
0 0.806667 0.517708 0.043333 0.035417
0 0.857917 0.535938 0.035833 0.040625
0 0.768333 0.441406 0.043333 0.018229
0 0.753333 0.465365 0.068333 0.035937
1 0.180000 0.529687 0.070000 0.030208
1 0.257083 0.527344 0.080833 0.042188
1 0.257083 0.565365 0.060833 0.030729
1 0.181667 0.562240 0.063333 0.036979
1 0.148750 0.492708 0.029167 0.018750
1 0.161250 0.462760 0.034167 0.020313
1 0.162500 0.440625 0.036667 0.025000
1 0.215000 0.479427 0.033333 0.020313
1 0.233333 0.447135 0.040000 0.024479
1 0.277500 0.448438 0.041667 0.026042
1 0.255833 0.488542 0.036667 0.027083
